$grad          cartesian gradients
  cycle =      1    SCF energy =   -62488.0815781100   |dE/dxyz| =  0.003274
    2.60949092075000      2.58949092075000      2.58949092075000      si
   12.94745385375000      2.58949092075000      2.58949092075000      si
   23.30541678675000      2.58949092075000      2.58949092075000      si
    2.58949092075000     12.94745385375000      2.58949092075000      si
   12.94745385375000     12.94745385375000      2.58949092075000      si
   23.30541678675000     12.94745385375000      2.58949092075000      si
    2.58949092075000     23.30541678675000      2.58949092075000      si
   12.94745385375000     23.30541678675000      2.58949092075000      si
   23.30541678675000     23.30541678675000      2.58949092075000      si
    2.58949092075000      2.58949092075000     12.94745385375000      si
   12.94745385375000      2.58949092075000     12.94745385375000      si
   23.30541678675000      2.58949092075000     12.94745385375000      si
    2.58949092075000     12.94745385375000     12.94745385375000      si
   12.94745385375000     12.94745385375000     12.94745385375000      si
   23.30541678675000     12.94745385375000     12.94745385375000      si
    2.58949092075000     23.30541678675000     12.94745385375000      si
   12.94745385375000     23.30541678675000     12.94745385375000      si
   23.30541678675000     23.30541678675000     12.94745385375000      si
    2.58949092075000      2.58949092075000     23.30541678675000      si
   12.94745385375000      2.58949092075000     23.30541678675000      si
   23.30541678675000      2.58949092075000     23.30541678675000      si
    2.58949092075000     12.94745385375000     23.30541678675000      si
   12.94745385375000     12.94745385375000     23.30541678675000      si
   23.30541678675000     12.94745385375000     23.30541678675000      si
    2.58949092075000     23.30541678675000     23.30541678675000      si
   12.94745385375000     23.30541678675000     23.30541678675000      si
   23.30541678675000     23.30541678675000     23.30541678675000      si
   28.48439787825000     28.48439787825000      2.58949092075000      si
    7.76847201225000     28.48439787825000      2.58949092075000      si
   18.12643494525000     28.48439787825000      2.58949092075000      si
   28.48439787825000      7.76847201225000      2.58949092075000      si
    7.76847201225000      7.76847201225000      2.58949092075000      si
   18.12643494525000      7.76847201225000      2.58949092075000      si
   28.48439787825000     18.12643494525000      2.58949092075000      si
    7.76847201225000     18.12643494525000      2.58949092075000      si
   18.12643494525000     18.12643494525000      2.58949092075000      si
   28.48439787825000     28.48439787825000     12.94745385375000      si
    7.76847201225000     28.48439787825000     12.94745385375000      si
   18.12643494525000     28.48439787825000     12.94745385375000      si
   28.48439787825000      7.76847201225000     12.94745385375000      si
    7.76847201225000      7.76847201225000     12.94745385375000      si
   18.12643494525000      7.76847201225000     12.94745385375000      si
   28.48439787825000     18.12643494525000     12.94745385375000      si
    7.76847201225000     18.12643494525000     12.94745385375000      si
   18.12643494525000     18.12643494525000     12.94745385375000      si
   28.48439787825000     28.48439787825000     23.30541678675000      si
    7.76847201225000     28.48439787825000     23.30541678675000      si
   18.12643494525000     28.48439787825000     23.30541678675000      si
   28.48439787825000      7.76847201225000     23.30541678675000      si
    7.76847201225000      7.76847201225000     23.30541678675000      si
   18.12643494525000      7.76847201225000     23.30541678675000      si
   28.48439787825000     18.12643494525000     23.30541678675000      si
    7.76847201225000     18.12643494525000     23.30541678675000      si
   18.12643494525000     18.12643494525000     23.30541678675000      si
   28.48439787825000      2.58949092075000     28.48439787825000      si
    7.76847201225000      2.58949092075000     28.48439787825000      si
   18.12643494525000      2.58949092075000     28.48439787825000      si
   28.48439787825000     12.94745385375000     28.48439787825000      si
    7.76847201225000     12.94745385375000     28.48439787825000      si
   18.12643494525000     12.94745385375000     28.48439787825000      si
   28.48439787825000     23.30541678675000     28.48439787825000      si
    7.76847201225000     23.30541678675000     28.48439787825000      si
   18.12643494525000     23.30541678675000     28.48439787825000      si
   28.48439787825000      2.58949092075000      7.76847201225000      si
    7.76847201225000      2.58949092075000      7.76847201225000      si
   18.12643494525000      2.58949092075000      7.76847201225000      si
   28.48439787825000     12.94745385375000      7.76847201225000      si
    7.76847201225000     12.94745385375000      7.76847201225000      si
   18.12643494525000     12.94745385375000      7.76847201225000      si
   28.48439787825000     23.30541678675000      7.76847201225000      si
    7.76847201225000     23.30541678675000      7.76847201225000      si
   18.12643494525000     23.30541678675000      7.76847201225000      si
   28.48439787825000      2.58949092075000     18.12643494525000      si
    7.76847201225000      2.58949092075000     18.12643494525000      si
   18.12643494525000      2.58949092075000     18.12643494525000      si
   28.48439787825000     12.94745385375000     18.12643494525000      si
    7.76847201225000     12.94745385375000     18.12643494525000      si
   18.12643494525000     12.94745385375000     18.12643494525000      si
   28.48439787825000     23.30541678675000     18.12643494525000      si
    7.76847201225000     23.30541678675000     18.12643494525000      si
   18.12643494525000     23.30541678675000     18.12643494525000      si
    2.58949092075000     28.48439787825000     28.48439787825000      si
   12.94745385375000     28.48439787825000     28.48439787825000      si
   23.30541678675000     28.48439787825000     28.48439787825000      si
    2.58949092075000      7.76847201225000     28.48439787825000      si
   12.94745385375000      7.76847201225000     28.48439787825000      si
   23.30541678675000      7.76847201225000     28.48439787825000      si
    2.58949092075000     18.12643494525000     28.48439787825000      si
   12.94745385375000     18.12643494525000     28.48439787825000      si
   23.30541678675000     18.12643494525000     28.48439787825000      si
    2.58949092075000     28.48439787825000      7.76847201225000      si
   12.94745385375000     28.48439787825000      7.76847201225000      si
   23.30541678675000     28.48439787825000      7.76847201225000      si
    2.58949092075000      7.76847201225000      7.76847201225000      si
   12.94745385375000      7.76847201225000      7.76847201225000      si
   23.30541678675000      7.76847201225000      7.76847201225000      si
    2.58949092075000     18.12643494525000      7.76847201225000      si
   12.94745385375000     18.12643494525000      7.76847201225000      si
   23.30541678675000     18.12643494525000      7.76847201225000      si
    2.58949092075000     28.48439787825000     18.12643494525000      si
   12.94745385375000     28.48439787825000     18.12643494525000      si
   23.30541678675000     28.48439787825000     18.12643494525000      si
    2.58949092075000      7.76847201225000     18.12643494525000      si
   12.94745385375000      7.76847201225000     18.12643494525000      si
   23.30541678675000      7.76847201225000     18.12643494525000      si
    2.58949092075000     18.12643494525000     18.12643494525000      si
   12.94745385375000     18.12643494525000     18.12643494525000      si
   23.30541678675000     18.12643494525000     18.12643494525000      si
    0.00000000000000      0.00000000000000      0.00000000000000      si
   10.35796293300000      0.00000000000000      0.00000000000000      si
   20.71592586600000      0.00000000000000      0.00000000000000      si
    0.00000000000000     10.35796293300000      0.00000000000000      si
   10.35796293300000     10.35796293300000      0.00000000000000      si
   20.71592586600000     10.35796293300000      0.00000000000000      si
    0.00000000000000     20.71592586600000      0.00000000000000      si
   10.35796293300000     20.71592586600000      0.00000000000000      si
   20.71592586600000     20.71592586600000      0.00000000000000      si
    0.00000000000000      0.00000000000000     10.35796293300000      si
   10.35796293300000      0.00000000000000     10.35796293300000      si
   20.71592586600000      0.00000000000000     10.35796293300000      si
    0.00000000000000     10.35796293300000     10.35796293300000      si
   10.35796293300000     10.35796293300000     10.35796293300000      si
   20.71592586600000     10.35796293300000     10.35796293300000      si
    0.00000000000000     20.71592586600000     10.35796293300000      si
   10.35796293300000     20.71592586600000     10.35796293300000      si
   20.71592586600000     20.71592586600000     10.35796293300000      si
    0.00000000000000      0.00000000000000     20.71592586600000      si
   10.35796293300000      0.00000000000000     20.71592586600000      si
   20.71592586600000      0.00000000000000     20.71592586600000      si
    0.00000000000000     10.35796293300000     20.71592586600000      si
   10.35796293300000     10.35796293300000     20.71592586600000      si
   20.71592586600000     10.35796293300000     20.71592586600000      si
    0.00000000000000     20.71592586600000     20.71592586600000      si
   10.35796293300000     20.71592586600000     20.71592586600000      si
   20.71592586600000     20.71592586600000     20.71592586600000      si
    5.17898184151000      5.17898184151000      0.00000000000000      si
   15.53694477451000      5.17898184151000      0.00000000000000      si
   25.89490770751000      5.17898184151000      0.00000000000000      si
    5.17898184151000     15.53694477451000      0.00000000000000      si
   15.53694477451000     15.53694477451000      0.00000000000000      si
   25.89490770751000     15.53694477451000      0.00000000000000      si
    5.17898184151000     25.89490770751000      0.00000000000000      si
   15.53694477451000     25.89490770751000      0.00000000000000      si
   25.89490770751000     25.89490770751000      0.00000000000000      si
    5.17898184151000      5.17898184151000     10.35796293300000      si
   15.53694477451000      5.17898184151000     10.35796293300000      si
   25.89490770751000      5.17898184151000     10.35796293300000      si
    5.17898184151000     15.53694477451000     10.35796293300000      si
   15.53694477451000     15.53694477451000     10.35796293300000      si
   25.89490770751000     15.53694477451000     10.35796293300000      si
    5.17898184151000     25.89490770751000     10.35796293300000      si
   15.53694477451000     25.89490770751000     10.35796293300000      si
   25.89490770751000     25.89490770751000     10.35796293300000      si
    5.17898184151000      5.17898184151000     20.71592586600000      si
   15.53694477451000      5.17898184151000     20.71592586600000      si
   25.89490770751000      5.17898184151000     20.71592586600000      si
    5.17898184151000     15.53694477451000     20.71592586600000      si
   15.53694477451000     15.53694477451000     20.71592586600000      si
   25.89490770751000     15.53694477451000     20.71592586600000      si
    5.17898184151000     25.89490770751000     20.71592586600000      si
   15.53694477451000     25.89490770751000     20.71592586600000      si
   25.89490770751000     25.89490770751000     20.71592586600000      si
    5.17898184151000      0.00000000000000      5.17898184151000      si
   15.53694477451000      0.00000000000000      5.17898184151000      si
   25.89490770751000      0.00000000000000      5.17898184151000      si
    5.17898184151000     10.35796293300000      5.17898184151000      si
   15.53694477451000     10.35796293300000      5.17898184151000      si
   25.89490770751000     10.35796293300000      5.17898184151000      si
    5.17898184151000     20.71592586600000      5.17898184151000      si
   15.53694477451000     20.71592586600000      5.17898184151000      si
   25.89490770751000     20.71592586600000      5.17898184151000      si
    5.17898184151000      0.00000000000000     15.53694477451000      si
   15.53694477451000      0.00000000000000     15.53694477451000      si
   25.89490770751000      0.00000000000000     15.53694477451000      si
    5.17898184151000     10.35796293300000     15.53694477451000      si
   15.53694477451000     10.35796293300000     15.53694477451000      si
   25.89490770751000     10.35796293300000     15.53694477451000      si
    5.17898184151000     20.71592586600000     15.53694477451000      si
   15.53694477451000     20.71592586600000     15.53694477451000      si
   25.89490770751000     20.71592586600000     15.53694477451000      si
    5.17898184151000      0.00000000000000     25.89490770751000      si
   15.53694477451000      0.00000000000000     25.89490770751000      si
   25.89490770751000      0.00000000000000     25.89490770751000      si
    5.17898184151000     10.35796293300000     25.89490770751000      si
   15.53694477451000     10.35796293300000     25.89490770751000      si
   25.89490770751000     10.35796293300000     25.89490770751000      si
    5.17898184151000     20.71592586600000     25.89490770751000      si
   15.53694477451000     20.71592586600000     25.89490770751000      si
   25.89490770751000     20.71592586600000     25.89490770751000      si
    0.00000000000000      5.17898184151000      5.17898184151000      si
   10.35796293300000      5.17898184151000      5.17898184151000      si
   20.71592586600000      5.17898184151000      5.17898184151000      si
    0.00000000000000     15.53694477451000      5.17898184151000      si
   10.35796293300000     15.53694477451000      5.17898184151000      si
   20.71592586600000     15.53694477451000      5.17898184151000      si
    0.00000000000000     25.89490770751000      5.17898184151000      si
   10.35796293300000     25.89490770751000      5.17898184151000      si
   20.71592586600000     25.89490770751000      5.17898184151000      si
    0.00000000000000      5.17898184151000     15.53694477451000      si
   10.35796293300000      5.17898184151000     15.53694477451000      si
   20.71592586600000      5.17898184151000     15.53694477451000      si
    0.00000000000000     15.53694477451000     15.53694477451000      si
   10.35796293300000     15.53694477451000     15.53694477451000      si
   20.71592586600000     15.53694477451000     15.53694477451000      si
    0.00000000000000     25.89490770751000     15.53694477451000      si
   10.35796293300000     25.89490770751000     15.53694477451000      si
   20.71592586600000     25.89490770751000     15.53694477451000      si
    0.00000000000000      5.17898184151000     25.89490770751000      si
   10.35796293300000      5.17898184151000     25.89490770751000      si
   20.71592586600000      5.17898184151000     25.89490770751000      si
    0.00000000000000     15.53694477451000     25.89490770751000      si
   10.35796293300000     15.53694477451000     25.89490770751000      si
   20.71592586600000     15.53694477451000     25.89490770751000      si
    0.00000000000000     25.89490770751000     25.89490770751000      si
   10.35796293300000     25.89490770751000     25.89490770751000      si
   20.71592586600000     25.89490770751000     25.89490770751000      si
  0.27025544000062D-02  -.91862274980230D-07  -.91976021268339D-07
  -.49200110290387D-06  -.11033412658409D-06  -.11009299940825D-06
  -.39653364674124D-06  -.15240007338406D-07  -.15130088984152D-07
  -.47173100092177D-05  0.28668840774599D-07  -.11310399175260D-06
  -.22186173602806D-06  -.25347661737053D-05  0.40727318568498D-05
  -.11863631848102D-06  0.26089655246485D-05  0.40924182746791D-05
  -.46535856927274D-05  0.20760659072519D-06  -.19029028821807D-07
  -.26275269242676D-06  0.28157707500375D-05  -.41683225278335D-05
  -.20770752045068D-06  -.24663568981277D-05  -.41389004523909D-05
  -.47174017260740D-05  -.11313454248327D-06  0.28579533603887D-07
  -.22197295017706D-06  0.40726239031463D-05  -.25348212433743D-05
  -.11880319654794D-06  0.40925287773396D-05  0.26091261828596D-05
  0.20960132179292D-04  -.41183164068693D-05  -.41181233230405D-05
  -.16779601346245D-06  0.70164538815246D-06  0.70214239242558D-06
  -.22160720540925D-06  -.60521122943644D-06  -.60532048864717D-06
  0.21054730972091D-04  -.38792734561023D-05  0.41617309866935D-05
  -.27965297626581D-06  -.40254958019634D-06  0.61380931823704D-06
  -.17198617279307D-06  0.82103645940404D-06  -.57039116698989D-06
  -.46536905315317D-05  -.19107828956948D-07  0.20763250161180D-06
  -.26275210267629D-06  -.41682889307660D-05  0.28157644946545D-05
  -.20768409208033D-06  -.41390832582190D-05  -.24663740008337D-05
  0.21054642413597D-04  0.41617261860315D-05  -.38791608376856D-05
  -.27958522601595D-06  0.61380294372296D-06  -.40258560732001D-06
  -.17202352957740D-06  -.57062527755622D-06  0.82115934161051D-06
  0.20978408787963D-04  0.43153737589185D-05  0.43153154882545D-05
  -.28758693908587D-06  -.38264603471791D-06  -.38265086013370D-06
  -.19508885877955D-06  0.76950371777454D-06  0.76946254188057D-06
  -.39573449900066D-04  -.36846488326996D-04  -.22621174286444D-04
  -.40276232393600D-04  0.37130662225910D-04  -.22985370540043D-04
  -.51683890582937D-06  -.11885245040818D-06  0.43098097377323D-06
  -.39708164347663D-04  0.36642774429969D-04  0.22472695823536D-04
  -.40329738791135D-04  -.37497966874549D-04  0.22623949165832D-04
  -.42692426298701D-06  -.22779704775164D-06  -.62820388693454D-06
  -.22966531999966D-05  -.52198910461534D-08  -.11610645758411D-06
  -.23648047537303D-05  0.76583977521778D-07  -.13019989866494D-06
  0.39994608520472D-06  0.71859607293418D-07  -.88070796680187D-07
  -.34911667831547D-05  0.49719853204854D-05  0.84813663489866D-06
  -.37106355996083D-05  -.50823975666626D-05  -.26930628374247D-05
  0.55577222119935D-06  -.73334454228532D-06  -.51615578813527D-06
  -.35886956623496D-05  -.51992546755409D-05  0.25324948220471D-05
  -.37063423582903D-05  0.46255392948401D-05  -.69994985965296D-06
  0.59559867444576D-06  -.98170613935142D-06  0.47770227082664D-06
  -.66167401684497D-06  0.82695248440726D-06  -.30279284340098D-05
  -.81429098834989D-06  0.87446001831407D-06  0.29191721131225D-05
  -.38932586570256D-06  0.65998205263014D-07  -.12125783912767D-06
  -.35157866519650D-05  0.48837090790576D-05  -.25799900471826D-05
  -.36500960440175D-05  -.49645604914540D-05  0.90344085832170D-06
  0.44110155179495D-06  0.71349716282523D-06  -.32937588103879D-06
  -.35531191819213D-05  -.52032180473938D-05  -.68500147223618D-06
  -.36960385791271D-05  0.47252837208921D-05  0.28024330680252D-05
  0.48664074021515D-06  0.41246375306994D-06  0.58769305974790D-06
  -.66201702602158D-06  -.67776888354362D-06  0.31700509401686D-05
  -.86169489670412D-06  -.62501269124002D-06  -.28682328146148D-05
  -.39317010796041D-06  0.96389965482586D-07  0.81340049560039D-07
  -.39573319106912D-04  -.22621200653854D-04  -.36846502702106D-04
  -.40276251699046D-04  -.22985262158353D-04  0.37130602683375D-04
  -.51679454309366D-06  0.43085266302026D-06  -.11890350195800D-06
  -.34911632659682D-05  0.84821928428394D-06  0.49719845007543D-05
  -.37105312208804D-05  -.26931151520793D-05  -.50823300073135D-05
  0.55575218389420D-06  -.51643629358952D-06  -.73338484954080D-06
  -.35158089665596D-05  -.25798151515866D-05  0.48835411574386D-05
  -.36501415187526D-05  0.90337608607652D-06  -.49647307827330D-05
  0.44100266556241D-06  -.32972938765371D-06  0.71358878115133D-06
  -.39708166536135D-04  0.22472744175024D-04  0.36642763104864D-04
  -.40329570150922D-04  0.22624045159210D-04  -.37498102352787D-04
  -.42689653050404D-06  -.62833723543551D-06  -.22796801049354D-06
  -.35887564315171D-05  0.25323899467699D-05  -.51992692122995D-05
  -.37063508776977D-05  -.69998006221769D-06  0.46254891030470D-05
  0.59571113204454D-06  0.47776460224239D-06  -.98182140975369D-06
  -.35530795585056D-05  -.68500719127459D-06  -.52033381281704D-05
  -.36961964048796D-05  0.28025325217461D-05  0.47252569130604D-05
  0.48657859614748D-06  0.58765732827251D-06  0.41245568225021D-06
  -.22966900771645D-05  -.11622440151857D-06  -.51678144233039D-08
  -.23647919213285D-05  -.13034795895325D-06  0.76584738748251D-07
  0.39987728335162D-06  -.87906427774869D-07  0.71650211294935D-07
  -.66162753136284D-06  -.30279883621299D-05  0.82705513746204D-06
  -.81444878568065D-06  0.29188938174562D-05  0.87433664061918D-06
  -.38952736141156D-06  -.12120900091847D-06  0.66091315728853D-07
  -.66196244212862D-06  0.31699175170607D-05  -.67795424898678D-06
  -.86172464712847D-06  -.28683360396565D-05  -.62508730438695D-06
  -.39314299364962D-06  0.81377140721457D-07  0.96476304476154D-07
  0.85060898397837D-04  0.23258309805347D-04  0.23258183635219D-04
  0.71755627579690D-06  0.25633336352703D-05  0.25631907567300D-05
  0.64295371167062D-06  -.85701033722305D-06  -.85715137190492D-06
  0.85168882987995D-04  0.23327574948302D-04  -.23635956276438D-04
  0.62766939741194D-06  -.10740564587431D-05  0.71289147582674D-06
  0.71264169860725D-06  0.23707882352019D-05  -.26537133182261D-05
  -.24593585691743D-05  -.51373049711376D-06  -.99607644601621D-07
  0.33609344292002D-06  0.58726729182493D-06  -.30086631761763D-05
  0.46265491355696D-06  0.52259455177275D-06  0.29615245706635D-05
  0.85168668494683D-04  -.23635914859848D-04  0.23327362788292D-04
  0.62771131588063D-06  0.71288611028333D-06  -.10741820391205D-05
  0.71277930764252D-06  -.26535460893863D-05  0.23706513500896D-05
  0.84858186152625D-04  -.23524370606902D-04  -.23524415888845D-04
  0.76119829379634D-06  -.28453040837585D-05  -.28451409279897D-05
  0.74103640386098D-06  0.54992884660035D-06  0.54978503369638D-06
  -.24590340039107D-05  0.62814623649868D-06  -.24859684246950D-06
  0.34861799142944D-06  -.33162128229466D-06  0.27029787032815D-05
  0.36284829547567D-06  -.43404027646918D-06  -.33174876763711D-05
  -.24594368354566D-05  -.99584783834843D-07  -.51373792844503D-06
  0.33616289491973D-06  -.30084484440019D-05  0.58739850869769D-06
  0.46266771398435D-06  0.29615567573037D-05  0.52258120872592D-06
  -.24589609885392D-05  -.24843972110008D-06  0.62798415554097D-06
  0.34850414827231D-06  0.27030748174516D-05  -.33150029723730D-06
  0.36294731315862D-06  -.33175880556891D-05  -.43392254569754D-06
  0.22084090243689D-04  0.84901896319962D-07  0.85176543349361D-07
  -.35858585427733D-06  0.53354282021274D-07  0.53357572779886D-07
  -.27801024054058D-06  0.85632739261683D-07  0.85528780699759D-07
  -.65250778944297D-03  -.44454180497308D-03  -.44454195161572D-03
  0.18332577874194D-05  -.60610088138114D-05  -.60610080028469D-05
  -.87434983039831D-08  -.76289467973342D-06  -.76292061537389D-06
  0.61679139272233D-05  -.58918042594437D-05  -.70223812025618D-05
  -.27515999327274D-05  -.33202648478104D-05  -.10411024783410D-04
  0.77667429472156D-06  -.46581676724119D-06  0.19827622319310D-05
  0.31330831529833D-05  -.57708987352586D-06  0.63331796182650D-06
  -.37596460693650D-06  -.17486656286766D-06  0.17703316912174D-05
  -.66530673230674D-06  0.67633574577056D-06  0.32863282603854D-06
  0.61679802492823D-05  -.70223095417200D-05  -.58917080368006D-05
  -.27515456543678D-05  -.10410817828126D-04  -.33201865379498D-05
  0.77669755433802D-06  0.19828543741673D-05  -.46590695548490D-06
  -.35978731744924D-04  -.10343720940080D-04  -.10343718317232D-04
  0.17355175821568D-05  0.30361602261137D-07  0.30473268550521D-07
  0.33529867600108D-06  -.68397637317705D-06  -.68407672573459D-06
  0.18351985229917D-05  0.22493772224030D-05  0.17762081141212D-05
  -.16204076651677D-06  -.41464675856648D-06  -.38739316126326D-05
  0.70601750585736D-06  -.79531279592490D-06  0.66738282653331D-06
  0.31329663966009D-05  0.63344146919545D-06  -.57691727464418D-06
  -.37598928053300D-06  0.17703570406601D-05  -.17492578921166D-06
  -.66501716837835D-06  0.32869019253692D-06  0.67637740938961D-06
  0.18352195568330D-05  0.17762732450754D-05  0.22493720683612D-05
  -.16198555379348D-06  -.38740909776559D-05  -.41461480451390D-06
  0.70594616736669D-06  0.66735680195987D-06  -.79512546749230D-06
  -.12975480945633D-04  0.48190613202817D-06  0.48193585142384D-06
  0.23090763085959D-06  0.96736563040648D-06  0.96746346953422D-06
  0.30510713251359D-06  0.11236388633532D-06  0.11234766914312D-06
  -.65882302009694D-03  -.45680688244229D-03  0.45661622599466D-03
  -.90487453908435D-07  -.79396806182305D-06  0.53110357909089D-06
  0.18863957081497D-05  -.60928319517140D-05  0.59778861880331D-05
  0.30700621316929D-05  -.59261286619491D-06  -.80992737297139D-06
  -.81683947954575D-06  0.57262690336782D-06  -.33749381758399D-06
  -.17993746575045D-06  -.22099925697691D-06  -.19878727870706D-05
  0.61927110444718D-05  -.57684373427614D-05  0.67918071151338D-05
  0.68244182578254D-06  -.13347833313534D-06  -.20662030751042D-05
  -.26091093569444D-05  -.30562575269167D-05  0.10352740927841D-04
  0.60602180678818D-05  -.70088603035524D-05  0.58541765268514D-05
  0.67593496673097D-06  0.18574030537243D-05  0.22494817228688D-06
  -.25635402493460D-05  -.10320779044586D-04  0.31674571429916D-05
  0.17817798970246D-05  0.22222133903304D-05  -.20249246064610D-05
  0.71416611653247D-06  -.75253180295451D-06  -.86385012012771D-06
  -.60862703255834D-07  -.45907686260679D-06  0.35988272257567D-05
  -.36093674319494D-04  -.10038935989025D-04  0.10269117409065D-04
  0.20962765752059D-06  -.44964620546270D-06  0.51415107391348D-06
  0.18198243899140D-05  0.28476840455252D-06  -.13314518712251D-06
  0.30418933097512D-05  0.58611659983879D-06  0.80685618384122D-06
  -.79735037765788D-06  0.20458163443973D-06  -.32031628352216D-06
  -.31350850620087D-06  0.18508736473754D-05  0.49294516754925D-06
  -.13082807003007D-04  0.44025704074127D-06  -.52616138803943D-07
  0.20009617080958D-06  0.69203023007531D-07  0.12865862528441D-06
  0.33009196449469D-06  0.81902837681494D-06  -.61232258888013D-06
  0.18995417754955D-05  0.20458191471184D-05  -.18387591554061D-05
  0.50907354072122D-06  0.93764502665064D-06  0.11663521261893D-05
  -.64475695827622D-07  -.35751013339459D-05  0.77879360402575D-06
  -.65882309975944D-03  0.45661615958639D-03  -.45680697445752D-03
  -.90396547070822D-07  0.53117994727839D-06  -.79418523115906D-06
  0.18862311997428D-05  0.59778758842176D-05  -.60928516070449D-05
  0.60603227645775D-05  0.58541261839528D-05  -.70088864186049D-05
  0.67602399063033D-06  0.22498578036814D-06  0.18571637758511D-05
  -.25636599811260D-05  0.31674499655642D-05  -.10320834918056D-04
  0.30418537733770D-05  0.80680466144170D-06  0.58604358807754D-06
  -.79730419948548D-06  -.32028507032553D-06  0.20453798141615D-06
  -.31342992195065D-06  0.49304619867510D-06  0.18508473031728D-05
  0.30700064748804D-05  -.80975690760940D-06  -.59245524555409D-06
  -.81672066081312D-06  -.33749067437813D-06  0.57259657834960D-06
  -.17990359062553D-06  -.19878446434186D-05  -.22080220565515D-06
  0.17817956359903D-05  -.20247572816979D-05  0.22224761322162D-05
  0.71405169073030D-06  -.86382363204027D-06  -.75254005318628D-06
  -.60646041012132D-07  0.35987971475370D-05  -.45908502402072D-06
  -.13082663919240D-04  -.52583120828758D-07  0.44010916353285D-06
  0.19996461382205D-06  0.12845808075693D-06  0.69275577472025D-07
  0.33009656259437D-06  -.61215213772900D-06  0.81904122437335D-06
  0.61927308099943D-05  0.67918283452050D-05  -.57684082237744D-05
  0.68235916479337D-06  -.20662288403296D-05  -.13334894413377D-06
  -.26092305240208D-05  0.10352818020782D-04  -.30562271591508D-05
  -.36093868541021D-04  0.10269010222748D-04  -.10038848058416D-04
  0.20961495124012D-06  0.51429922823357D-06  -.44962051662070D-06
  0.18196931300221D-05  -.13329517653435D-06  0.28477515654244D-06
  0.18996991838041D-05  -.18389024088728D-05  0.20458012885724D-05
  0.50908199262706D-06  0.11663715443765D-05  0.93777288709715D-06
  -.64358630359192D-07  0.77869039674763D-06  -.35752210416875D-05
  -.65266053238482D-03  0.44428012113965D-03  0.44428013715445D-03
  0.17549838312139D-05  0.57919468378364D-05  0.57920750988514D-05
  -.39504865091130D-07  0.53188380558336D-06  0.53187151858067D-06
  0.30912443983003D-05  0.69494152046926D-06  -.93446939944089D-06
  -.34016442989143D-06  0.44428104320585D-06  -.21388498579158D-05
  -.63661292053568D-06  -.39728044751061D-06  -.40976430051545D-06
  0.61063488168803D-05  0.59464923520002D-05  0.69041119827615D-05
  -.27792604235141D-05  0.34431259116351D-05  0.10245282736163D-04
  0.74018615598887D-06  0.41828724053997D-06  -.21199946418607D-05
  0.30913257696544D-05  -.93435250544846D-06  0.69478813655463D-06
  -.34016049348467D-06  -.21387443556998D-05  0.44440429134182D-06
  -.63670492160911D-06  -.41000124792365D-06  -.39726575964652D-06
  -.13002891437287D-04  -.28040087837641D-06  -.28037163859709D-06
  0.36074159843664D-06  -.63688004100956D-06  -.63687473941501D-06
  0.29333329016807D-06  0.92587496032166D-07  0.92468786603048D-07
  0.19199768993108D-05  -.17467748712741D-05  -.19750872153581D-05
  -.26621176723112D-06  0.39534908734828D-05  0.76774310484337D-06
  0.74798686362427D-06  -.69276712974417D-06  0.97058458889718D-06
  0.61063367731809D-05  0.69040243896600D-05  0.59465258354960D-05
  -.27793021039510D-05  0.10245265958415D-04  0.34431663433507D-05
  0.74010603518998D-06  -.21197468978707D-05  0.41832453432120D-06
  0.19200481525364D-05  -.19752448013600D-05  -.17468063491479D-05
  -.26612284991317D-06  0.76777792049168D-06  0.39535545497158D-05
  0.74794290945063D-06  0.97058806428177D-06  -.69275921246417D-06
  -.35805797661871D-04  0.10417728337904D-04  0.10417924173309D-04
  0.16542403820755D-05  0.62996227041452D-07  0.62854860180847D-07
  0.23452882309455D-06  0.81388062969748D-06  0.81371597657507D-06
$end
