1
1 #insert displacement here (also, edit number of displacement/total displacements
         -0.0410502103         0.0001160149         0.0003487524 force
          0.0021905389         0.0001160370         0.0003481114 force
         -0.0003821090        -0.0001160371         0.0003481112 force
         -0.0003821090        -0.0003481112         0.0001160371 force
          0.0005301348        -0.0001160370         0.0003481111 force
          0.0005301348        -0.0003481111         0.0001160370 force
          0.0005857406        -0.0001160370        -0.0003481110 force
         -0.0013097059        -0.0001160370        -0.0003481108 force
         -0.0007205207         0.0000994732        -0.0001326002 force
         -0.0007205207        -0.0000994732        -0.0001326002 force
         -0.0007205207         0.0000994732         0.0001326002 force
         -0.0007205207        -0.0000994732         0.0001326002 force
         -0.0003367429         0.0001225737        -0.0001095002 force
         -0.0003367429        -0.0001225737        -0.0001095002 force
         -0.0003367429         0.0001225737         0.0001095002 force
         -0.0003367429        -0.0001225737         0.0001095002 force
          0.0056031024         0.0004523434         0.0055843278 force
          0.0056031024         0.0004523434        -0.0055843278 force
          0.0056031024         0.0055843278        -0.0004523434 force
          0.0056031024        -0.0055843278        -0.0004523434 force
          0.0054497234         0.0000180587        -0.0058243817 force
          0.0054497234         0.0000180587         0.0058243817 force
          0.0054497234        -0.0058243817        -0.0000180587 force
          0.0054497234         0.0058243817        -0.0000180587 force
         -0.0000026858        -0.0002251292         0.0000499325 force
         -0.0000026858        -0.0002251292        -0.0000499325 force
         -0.0000026858         0.0000499325         0.0002251292 force
         -0.0000026858        -0.0000499325         0.0002251292 force
         -0.0000138150        -0.0002376412        -0.0000339423 force
         -0.0000138150        -0.0002376412         0.0000339423 force
         -0.0000138150        -0.0000339423         0.0002376412 force
         -0.0000138150         0.0000339423         0.0002376412 force
