Aluminium test Fleur
   15.3119999999999994    0.0000000000000000    0.0000000000000000
    0.0000000000000000   15.3119999999999994    0.0000000000000000
    0.0000000000000000    0.0000000000000000   15.3119999999999994
1.0 
1.0 1.0 1.0 
 
32
13.1   0.0013061700 0.0000000000 0.0000000000
13.1   0.5000000000 0.0000000000 0.0000000000
13.1   0.0000000000 0.5000000000 0.0000000000
13.1   0.5000000000 0.5000000000 0.0000000000
13.1   0.0000000000 0.0000000000 0.5000000000
13.1   0.5000000000 0.0000000000 0.5000000000
13.1   0.0000000000 0.5000000000 0.5000000000
13.1   0.5000000000 0.5000000000 0.5000000000
13.1   0.0000000000 0.2500000000 0.2500000000
13.1   0.5000000000 0.2500000000 0.2500000000
13.1   0.0000000000 0.7500000000 0.2500000000
13.1   0.5000000000 0.7500000000 0.2500000000
13.1   0.0000000000 0.2500000000 0.7500000000
13.1   0.5000000000 0.2500000000 0.7500000000
13.1   0.0000000000 0.7500000000 0.7500000000
13.1   0.5000000000 0.7500000000 0.7500000000
13.1   0.2500000000 0.0000000000 0.2500000000
13.1   0.7500000000 0.0000000000 0.2500000000
13.1   0.2500000000 0.5000000000 0.2500000000
13.1   0.7500000000 0.5000000000 0.2500000000
13.1   0.2500000000 0.0000000000 0.7500000000
13.1   0.7500000000 0.0000000000 0.7500000000
13.1   0.2500000000 0.5000000000 0.7500000000
13.1   0.7500000000 0.5000000000 0.7500000000
13.1   0.2500000000 0.2500000000 0.0000000000
13.1   0.7500000000 0.2500000000 0.0000000000
13.1   0.2500000000 0.7500000000 0.0000000000
13.1   0.7500000000 0.7500000000 0.0000000000
13.1   0.2500000000 0.2500000000 0.5000000000
13.1   0.7500000000 0.2500000000 0.5000000000
13.1   0.2500000000 0.7500000000 0.5000000000
13.1   0.7500000000 0.7500000000 0.5000000000

&atom element="al" id=13.1 rmt=2.50 lmax=12 lnonsph=12 /

&exco xctyp='vwn' /

&comp kmax=4.0 gmax=24.01 gmaxxc=24.01 /

&kpt div1=4 div2=4 div3=4 /

&end /
