    -0.02013361     0.01375265     0.01747863     0.05515566    -0.02573465    -0.02829834
    -0.01768102     0.00372457    -0.02394805     0.02209518     0.02017335     0.02934232
    -0.00286270    -0.00321453     0.02968959     0.01648417     0.03029189    -0.04927203
     0.02516644     0.01496813     0.00652727    -0.03430861    -0.03274630    -0.03205016
    -0.01363937    -0.02263722    -0.01419591     0.04557600     0.03477732     0.03741516
     0.02991223    -0.00038398    -0.00226070    -0.04475003    -0.02290559    -0.00357345
    -0.02651536    -0.00309215    -0.01368847     0.06764193     0.01567277     0.04881797
     0.02847126    -0.00491056    -0.00807923    -0.04278736     0.04514107     0.01028413
    -0.02838862    -0.00722309    -0.00647404     0.06402336     0.01560126     0.00681527
    -0.00747987    -0.02117166     0.01989503     0.00012165     0.05572351    -0.06132433
     0.02375482     0.01722777    -0.00623798    -0.04876540    -0.00085965    -0.01000128
    -0.01644263    -0.01425661    -0.02064919     0.00489231     0.04372679     0.03294104
     0.02610117     0.00727641    -0.01287567    -0.03840412    -0.00893321     0.01134166
     0.00002543    -0.01192971    -0.02752601     0.00206183     0.02035826     0.06654133
     0.01883311     0.00971591     0.02123476    -0.04640264    -0.00975902    -0.02551481
    -0.01228676     0.00919078     0.02577916     0.02087788    -0.03204254    -0.07054185
    -0.00844300    -0.00410802     0.02849280     0.01355736     0.02479002    -0.03377541
    -0.02949579    -0.00135024    -0.00530806     0.04490218    -0.00549569     0.00058156
    -0.02759211    -0.00826469     0.00838870     0.05261788     0.01187289    -0.00688611
     0.01653882     0.01978838     0.01532604    -0.01842310    -0.01522854    -0.03036507
     0.02173159     0.01359823     0.01558288    -0.07833332    -0.06799528    -0.00502562
     0.01298379     0.01675728    -0.02122769    -0.02260227    -0.06597915     0.03763377
    -0.00038252    -0.02940981     0.00590902    -0.00212688     0.03365392     0.01174845
     0.00700573    -0.02679273     0.01153556     0.00317213     0.04901669    -0.00027512
     0.02638650    -0.01016838    -0.01001781    -0.00626372     0.00662002     0.03394757
     0.00817700    -0.00914253     0.02737793     0.00545242     0.01223629    -0.02708623
     0.00694987    -0.01092709    -0.02706100    -0.04297971     0.01829842     0.03821729
    -0.01766751     0.01892171     0.01516007     0.04719709    -0.02784373    -0.03279658
     0.02978462     0.00003187     0.00358827    -0.08975750    -0.01760803    -0.02120602
    -0.00255655    -0.00030748     0.02988929     0.01332928    -0.01082873    -0.02180097
     0.00393225    -0.02391786    -0.01767692    -0.00305043     0.02322861     0.04205831
     0.01580136    -0.02432750     0.00764786    -0.02419950     0.03063680     0.02726591
     0.02488000     0.00673464    -0.01535025    -0.04954507    -0.01380949     0.03960003
    -0.01490900     0.01432942     0.02173452     0.00430116    -0.01921604    -0.01595238
    -0.01725181     0.01930616    -0.01515411     0.05380114    -0.05599563     0.02923916
    -0.01007608    -0.00365027     0.02802049     0.01146591     0.02047748    -0.06318516
     0.00389711    -0.02798792     0.01007415    -0.00780696     0.04539674    -0.02373709
    -0.00780082    -0.01007180     0.02716075     0.03789753     0.01357680    -0.05632239
     0.00091794    -0.02559548     0.01562141     0.01657678     0.04556597    -0.05924648
    -0.01908020    -0.02305707     0.00207788     0.01566557     0.03932040     0.00184246
    -0.00501779    -0.02579341     0.01447487     0.00487321     0.04672085    -0.02338442
     0.02215908    -0.01032891    -0.01738646    -0.07777587     0.04003370     0.05789006
    -0.02288458     0.01897466     0.00403218     0.06929448    -0.05168279     0.00146830
     0.02652579     0.00795653    -0.01153587    -0.04266022    -0.01891986     0.07102975
    -0.00188502    -0.02157376     0.02076101     0.01557826     0.03106541    -0.01894937
     0.02650517    -0.01404339    -0.00050919    -0.07770249     0.05406940    -0.01419987
    -0.01451961    -0.00599821     0.02555783     0.03832256     0.00090938    -0.05534269
     0.02936254    -0.00384760     0.00479968    -0.07991301    -0.03732039     0.00104981
     0.02950986    -0.00408205     0.00353625    -0.05332994     0.02095264    -0.00203030
     0.02607322    -0.00567227    -0.01371176    -0.03136873     0.02235314     0.02603073
    -0.02071144     0.02160274    -0.00208757     0.02180041    -0.03751601     0.04240992
     0.00598362     0.02303409    -0.01826546    -0.00639855    -0.04299575     0.04993259
    -0.01268318     0.00464487    -0.02678735     0.03645732    -0.02358170     0.06312767
    -0.02762010     0.01118628     0.00346369     0.09655934    -0.03261886    -0.01379098
    -0.02422419     0.00843178    -0.01555935     0.07163397    -0.03216539     0.02697248
     0.02654329     0.01398048     0.00001252    -0.05462556    -0.03982416    -0.00992873
     0.02452381     0.01678934     0.00408669    -0.08744994    -0.01363261    -0.00338922
    -0.01634844     0.01828333    -0.01727567     0.03817434    -0.05277462     0.03499048
     0.02470262     0.00687550     0.01557267    -0.07149836    -0.00886328    -0.02822420
    -0.01253944     0.01884146    -0.01969167     0.02589410    -0.03844240     0.04508140
    -0.02336190    -0.01201227     0.01448886     0.06806461     0.04751541    -0.04213366
    -0.02757943     0.01170208     0.00156092     0.08501681    -0.01732044    -0.03139009
     0.01191801     0.02619821     0.00846255    -0.02335670    -0.07831868    -0.01600991
    -0.00525512    -0.02881854    -0.00647112     0.01605014     0.03918102     0.01139375
    -0.00674581    -0.01920061     0.02204157     0.00000136     0.04474584    -0.02607398
     0.00384049    -0.02022216    -0.02182464    -0.00445914     0.00944770     0.06750677
    -0.01605400     0.02108146     0.01406561     0.01331720    -0.03670745    -0.01450445
     0.01487266    -0.01412607     0.02189197    -0.02753818     0.00542316    -0.01858023
     0.00687891    -0.01467397     0.02524589    -0.02215878    -0.01260916    -0.04667351
     0.00596160     0.01745883     0.02365689    -0.00257890    -0.01020987    -0.03706413
    -0.01023352    -0.01592165     0.02327608    -0.00246489     0.04042904    -0.03143322
    -0.01719415    -0.01610864     0.01857075     0.02240370     0.05182311     0.00829455
    -0.00421096     0.01418481     0.02609710    -0.01678509    -0.02764077    -0.06370694
     0.00718063     0.01708355     0.02359218    -0.02974443    -0.02770764    -0.05264113
     0.01393451    -0.02565606     0.00689900    -0.03827015     0.06836225     0.02345012
    -0.00184780     0.01804584     0.02389421    -0.00575519    -0.00478338    -0.04527151
    -0.02614226     0.01010181    -0.01070213     0.05522559    -0.04250262     0.04456498
     0.00044720    -0.02977580    -0.00363343     0.01101963     0.06334474     0.03376079
    -0.00211791    -0.00992713     0.02823060    -0.03763975     0.01534843    -0.02617253
    -0.02079131    -0.01350510    -0.01689182     0.03209244     0.00799572     0.04546195
     0.01381287    -0.02493815    -0.00934308    -0.01865351     0.03113092     0.00315702
     0.01301862     0.02670461    -0.00416886    -0.01138219    -0.04824979     0.01525268
     0.00825382    -0.02622337    -0.01200871    -0.02499022     0.03807796    -0.00447549
     0.00991581     0.00613653     0.02764091    -0.04163083     0.00223298    -0.04418221
    -0.01042132    -0.02753084    -0.00578349     0.00811727     0.05545252     0.01032775
     0.00066250    -0.00260130     0.02987966     0.02023108    -0.01253760    -0.02818650
    -0.01851815    -0.01860417    -0.01452456     0.03128816     0.04658689     0.04272744
     0.01013806    -0.02811665     0.00258332    -0.05075831     0.07212115     0.01443965
    -0.02371580     0.00830131    -0.01639052     0.01928174    -0.02933766     0.04132977
     0.00975120     0.02211682    -0.01776965    -0.02334521    -0.06388657     0.05165401
     0.00814563     0.02531669     0.01388214     0.00732910    -0.07305743    -0.01500395
     0.01163519     0.02063505    -0.01840698    -0.02916197    -0.05819683     0.04575940
    -0.02457624     0.00307036    -0.01692872     0.03814867     0.00134896     0.03244440
    -0.01317109    -0.00372134    -0.02669595     0.02248217    -0.01565718     0.05529880
     0.01508444    -0.00459239     0.02552195    -0.01863450     0.03274872    -0.04887482
    -0.01165540     0.00860094    -0.02627119     0.03887366    -0.00576564     0.06857275
    -0.02697690     0.00124666     0.01306495     0.05650631     0.00384368    -0.03337272
    -0.01616346    -0.01634270     0.01927845     0.03980198     0.06236067    -0.03819961
    -0.01735448    -0.02443905     0.00124686     0.05935540     0.02563719     0.01705398
    -0.02156380     0.01597619     0.01340761     0.05840210    -0.02235816    -0.03003271
     0.00702557     0.02357872     0.01716640    -0.03625301    -0.07599612    -0.07748125
     0.02559597     0.01140732     0.01071070    -0.06793522    -0.05009356    -0.05563469
    -0.02822187     0.00981264    -0.00269037     0.06019551    -0.04363101     0.02319735
    -0.02056957     0.00514369     0.02122346     0.04866038    -0.03628917    -0.06274671
    -0.00419124    -0.02912287     0.00585592     0.01522633     0.07196587    -0.02335806
    -0.01214836    -0.02693778     0.00517431     0.03608249     0.08067770    -0.00434846
    -0.02642512    -0.00631286    -0.01272245     0.04685195     0.02293493     0.02205882
     0.00607597    -0.02684993     0.01192324    -0.01527837     0.07209327     0.01345866
    -0.01253995     0.01470960    -0.02294292     0.06017089    -0.01730649     0.05853871
    -0.00037366    -0.01408522     0.02648522     0.00631912     0.04441641    -0.02338208
     0.00768117     0.02898348    -0.00097848    -0.04788182    -0.08615448     0.00928575
    -0.02999806    -0.00017078     0.00029567     0.07293771     0.00024072     0.01715191
    -0.02820462    -0.00891209     0.00500739     0.05211087     0.00669359    -0.00931195
     0.01442114    -0.02623607    -0.00192338    -0.04254763     0.05019474     0.01236910
    -0.00414922     0.01583578     0.02513985     0.00611219    -0.04149658    -0.02820350
     0.02420533    -0.01747378    -0.00296128    -0.06715133     0.00904338     0.03009791
    -0.01291127    -0.02689649    -0.00314291     0.00700884     0.07988878     0.03501394
     0.02439422     0.01651047     0.00568562    -0.08310925    -0.04347019     0.03052437
     0.02401665     0.00271261     0.01777196    -0.05958495    -0.04435686    -0.02421786
     0.01600113     0.02534060     0.00134821    -0.06209273    -0.02910371     0.01331965
     0.01105464     0.02296472    -0.01582456    -0.02051878    -0.05771410     0.06692858
     0.00584514     0.02861647    -0.00685070    -0.02097294    -0.04335418     0.03412863
    -0.01654587     0.01057125    -0.02268221     0.02303917    -0.03983158     0.10174688
    -0.01316424     0.00087435     0.02694324     0.02429751     0.00118528    -0.03450093
     0.01476919    -0.02598587     0.00257018    -0.03000281     0.06309861     0.02785875
     0.00622814    -0.00515825     0.02888949    -0.04352964     0.00266004    -0.08116672
    -0.01947087     0.00433201     0.02240801     0.02914760    -0.01412141    -0.05102466
     0.00213456     0.01933913     0.02283510    -0.01922839    -0.06942776    -0.03690929
     0.02284536    -0.01692991     0.00956389    -0.07571094     0.01799811    -0.00350979
     0.00684488     0.02772377     0.00919458    -0.00745851    -0.02418849    -0.00818596
    -0.01602651     0.01973167     0.01593148     0.05149038    -0.04006454    -0.03690482
    -0.01859120    -0.01566681    -0.01757607     0.02973831     0.02658210     0.02510755
     0.01936786     0.02240014     0.00480830     0.00250085    -0.04793031     0.00896719
     0.02673172     0.01273495     0.00482042    -0.06450902    -0.00402285     0.01277909
    -0.02833478     0.00669968     0.00722873     0.05378898    -0.00626288    -0.00817569
     0.02932323     0.00625900     0.00098657    -0.07715375     0.01331113     0.00632438
    -0.01217587     0.02726449    -0.00289750     0.03408476    -0.05336277     0.00639394
    -0.02413854     0.00846958     0.01567153     0.02568073    -0.01695607    -0.02320917
    -0.01310070    -0.01499263     0.02244087     0.03427770     0.02058246    -0.03247838
     0.01224278    -0.02234944    -0.01583088    -0.01533932     0.03443657     0.04877163
     0.00272681     0.02336018    -0.01862436    -0.00435119    -0.05480928     0.04433389
    -0.00249167     0.02867903     0.00844421    -0.02038349    -0.04744654    -0.01643126
    -0.02962953    -0.00119323     0.00454614     0.05124846    -0.01920505    -0.02792680
     0.00058608    -0.00971325     0.02837797    -0.02755054     0.02274966    -0.02923153
    -0.02783889    -0.00421124    -0.01035672     0.01718639     0.01088337     0.02827181
    -0.00998176     0.00140354     0.02825588     0.00479192     0.00622318    -0.05844240
     0.01311453     0.02299284    -0.01411874    -0.02210601    -0.04046034     0.03268984
     0.00596191    -0.00675086    -0.02861611    -0.00744731     0.00753903     0.07369418
    -0.02233826     0.00290687     0.01981293     0.03724363    -0.01329702    -0.05170065
    -0.02227816     0.01175098    -0.01629717     0.03178097    -0.02554935     0.06428792
    -0.02400627    -0.00197486    -0.01788292     0.03706422     0.01975792    -0.00466724
    -0.01943764    -0.02252391     0.00385379     0.02789720     0.03652160     0.01521643
    -0.01303365     0.00562864    -0.02642806     0.00340671     0.02513959     0.02042795
     0.02074372     0.02153418     0.00244477    -0.04041439    -0.05904439    -0.00717988
    -0.00817977    -0.00550936     0.02833263     0.01296226     0.02553108    -0.05337388
     0.00856957    -0.01541381     0.02426885    -0.00157529     0.02949312    -0.02958130
    -0.01924662    -0.00697886    -0.02192859     0.03855497    -0.00588544     0.01662532
    -0.02946560    -0.00101070     0.00554587     0.05088169     0.01717503    -0.00969247
     0.00483784     0.02692112    -0.01232269    -0.01921303    -0.06796815     0.04514668
    -0.00669310     0.02903131     0.00351929     0.00686042    -0.05937081     0.02197687
    -0.00899810    -0.02591144    -0.01215037    -0.01283992     0.05138798    -0.00797020
     0.02623427     0.01272503    -0.00705949    -0.07887892    -0.02350565     0.03710568
    -0.00536928     0.02145229     0.02027239     0.01208375    -0.03672422    -0.06746722
     0.02710002    -0.00431301     0.01212381    -0.07976804    -0.01411971     0.00558634
     0.01670899    -0.01087973    -0.02241520    -0.05323677     0.01561498     0.03383923
    -0.02789302     0.01088562    -0.00186625     0.06402423    -0.02703096     0.01108417
    -0.02344505     0.01799421    -0.00515147     0.04408703    -0.03911510     0.03572457
     0.00798876    -0.02284189     0.01773212    -0.04917703     0.02670272    -0.02904845
    -0.01866383     0.02348534     0.00031639     0.05337952    -0.05257263     0.01711197
    -0.01062319    -0.02795249     0.00240953     0.02231077     0.06046694     0.00732227
     0.01366700     0.02640776    -0.00398039    -0.04800579    -0.05435465    -0.00027074
     0.01687887     0.00247699     0.02467728    -0.05379802    -0.00220719    -0.05962067
    -0.00118018    -0.02779006    -0.01123922     0.00447748     0.09941334     0.01999195
     0.02655814    -0.00900067     0.01066082    -0.04400659     0.03913688    -0.00396497
     0.00643420    -0.02715887    -0.01099987    -0.00894174     0.05859023    -0.00703796
    -0.01728291     0.00798919     0.02318349     0.03459086     0.00117058    -0.06431340
    -0.02520100     0.01307250    -0.00969634     0.06208178    -0.02282504    -0.00785157
     0.00460393     0.02771167    -0.01052935    -0.00314492    -0.05561828     0.04954621
    -0.00436912    -0.02709673    -0.01211106     0.01865925     0.05662546     0.06421475
     0.01943280    -0.01707744     0.01518972    -0.04784045     0.04194062    -0.01091062
    -0.00559819     0.00864667     0.02817615    -0.02916513    -0.00862726    -0.06456957
     0.01506479     0.02294714     0.01210293    -0.03089065    -0.05265791    -0.04107173
    -0.00110482    -0.02046469    -0.02190835    -0.01703773     0.03637122     0.06269543
    -0.01961412     0.01530245     0.01676667     0.07315574    -0.02636136    -0.02701429
    -0.02526293    -0.00258114     0.01597254     0.02638542     0.01453301    -0.03227671
    -0.01920859     0.00902194     0.02120459     0.05158980    -0.01399254    -0.03695688
     0.02674307    -0.01129673    -0.00756256    -0.04601876     0.02662023     0.02833650
    -0.02288280    -0.01856538    -0.00563066     0.06899502     0.04266478     0.00557965
     0.01207195    -0.02549848     0.01020273    -0.06711496     0.07400997    -0.01409625
    -0.01309780     0.02661920    -0.00445712     0.02168104    -0.05261453     0.02711514
     0.02498315    -0.01658845     0.00081574    -0.08425595     0.03439222     0.00967714
    -0.02187312    -0.01906975     0.00760993     0.02839191     0.07458620    -0.01081318
     0.00396975     0.01798841    -0.02367823    -0.01984964    -0.02564195     0.03135803
    -0.02970080     0.00058387    -0.00418591     0.02390989    -0.00257708     0.01938188
    -0.00230194    -0.00528153    -0.02944158     0.01589236    -0.00382298     0.03854299
     0.01925638     0.00057622     0.02299695    -0.06525215    -0.02100983    -0.03561487
     0.02763140     0.00850646     0.00800910    -0.01121554    -0.01173845    -0.05220781
     0.00195100     0.02987894     0.00185540     0.00908996    -0.06224466    -0.01153160
    -0.02750720     0.00246929    -0.01171565     0.06036073     0.02262826     0.03769361
    -0.00242949    -0.02539169    -0.01579112     0.02424587     0.02779836     0.03170088
     0.01734112    -0.02392115    -0.00520231    -0.00914930     0.05111732     0.00299616
     0.02788260    -0.00350303     0.01050188    -0.07395616     0.00641720    -0.02996472
    -0.00864340     0.00575677    -0.02814518     0.01754592     0.01469638     0.07475761
    -0.02931461    -0.00593678    -0.00232555     0.05226800     0.01863872     0.03644516
     0.00956921    -0.02452261    -0.01438999    -0.00682452     0.06721785     0.01543400
    -0.02845353    -0.00333380     0.00890406     0.04359948     0.01109823    -0.03115668
     0.01435909     0.02416829    -0.01047427    -0.03702663    -0.05891058     0.02230835
    -0.01612710    -0.02063026     0.01463929     0.00588738     0.00754442    -0.01874261
     0.02392464    -0.01771935    -0.00369269    -0.05556917     0.04473971     0.00628094
     0.00454360    -0.02704997     0.01215134    -0.03619645     0.01807499    -0.02870782
    -0.01688396     0.02479769     0.00008213     0.02188417    -0.05519423     0.00391000
     0.01442627     0.00152084    -0.02625966    -0.02119763    -0.01621886     0.05140652
     0.00116855     0.02890073    -0.00796131     0.01509406    -0.01354826    -0.00638131
    -0.02241833    -0.01614034     0.01170076     0.02313290     0.01467277    -0.02829739
    -0.00206928     0.02921613    -0.00649121    -0.00368094    -0.03243947     0.01025824
    -0.00557978     0.01375182     0.02607208     0.00783302    -0.03664824    -0.07508161
    -0.01432671     0.02220152     0.01420697     0.02987026    -0.02283013     0.00508535
    -0.00957714    -0.01916378    -0.02100066     0.00134968     0.00474472     0.00825137
     0.00555776    -0.01132857    -0.02721718    -0.00486322     0.00413362     0.05653822
     0.01860106    -0.01923995    -0.01355820    -0.02808067     0.02314983     0.02760010
    -0.00317141     0.02544169     0.01557763     0.02204019    -0.04324008    -0.02983004
     0.02957923     0.00082529    -0.00493841    -0.03898645     0.00628681    -0.00839616
     0.02901809    -0.00425725     0.00631082    -0.05119580     0.00000678     0.00817536
     0.00261629     0.02869121     0.00836478    -0.01349103    -0.05952364    -0.01160873
     0.01477706    -0.02465110     0.00860010    -0.03322704     0.06350287    -0.00460080
    -0.02713919    -0.00746849    -0.01037718     0.09405633     0.02535273    -0.01381805
     0.00296573     0.01473575     0.02596271    -0.03321669    -0.02852375    -0.07311676
     0.00647764    -0.02785589    -0.00906032    -0.03405949     0.03778341     0.01900694
     0.00336022     0.02439127     0.01713986    -0.01088726    -0.06423787    -0.04112081
     0.00590252    -0.00667637    -0.02864588    -0.02522254    -0.01056903     0.06513102
    -0.01439143     0.02537525     0.00699882     0.02947012    -0.00560393    -0.00004510
    -0.02590408    -0.01165072     0.00965606     0.06207865     0.03179193    -0.00864243
    -0.01917376     0.02305433     0.00093007     0.02281949    -0.06334381    -0.02727069
    -0.01793459    -0.01994155     0.01344191     0.02973788     0.02679462    -0.03683801
     0.00025537    -0.02701981    -0.01303321     0.01415963     0.09987862     0.04431095
    -0.02207305    -0.00523904    -0.01962989     0.05432268    -0.03025399     0.04140218
     0.02223703     0.00604548    -0.01920851    -0.05247752     0.01080063     0.06297615
     0.01861875    -0.00041278    -0.02351961    -0.01715032     0.00228736     0.05621447
     0.00452954    -0.02590872     0.01442988    -0.02426707     0.07508315    -0.03722506
     0.02810364    -0.00134781     0.01041004    -0.07704925     0.01306740    -0.02710594
     0.02088708     0.01333302    -0.01691037    -0.09248900    -0.03557883     0.02588184
    -0.02455621     0.01144217    -0.01288679     0.06348727    -0.03483577     0.02104047
     0.00712355    -0.02312203     0.01773771    -0.00031955     0.06495840    -0.07201098
     0.00827307    -0.02448527     0.01523245    -0.03791006     0.04970925    -0.01922559
     0.01116808     0.02513135     0.01198704    -0.00534512    -0.05809246    -0.04745315
     0.00331944    -0.02113420    -0.02103157     0.02038360     0.05020054     0.07311922
     0.00450386    -0.00171916     0.02961013     0.00889572     0.02187859    -0.07260969
    -0.02051867    -0.00311924     0.02166228     0.07009876     0.00669817    -0.04177139
    -0.02260954     0.01639496    -0.01095510     0.05019301    -0.04307149     0.00831882
    -0.02673772     0.00935532     0.00987787     0.08840380    -0.05342490    -0.04341871
     0.01548335     0.02569174    -0.00044779    -0.03591828    -0.07400586    -0.03154886
    -0.02261190     0.01060062     0.01662315     0.04561268    -0.02344594    -0.02945135
     0.00305965    -0.00255067    -0.02973437    -0.02271094     0.00980332     0.06852004
     0.00784232    -0.02802580    -0.00728370    -0.03330833     0.05549024     0.03071875
     0.02397862    -0.00059485     0.01801865    -0.06468317     0.01845484    -0.04425708
    -0.02420632     0.00142968    -0.01766381     0.04905348    -0.01592595     0.03428616
    -0.01858582     0.02313411     0.00440230     0.07030011    -0.05539764     0.00416145
    -0.00209286    -0.02320769     0.01889505    -0.00575287     0.04822102    -0.01952445
    -0.02667893    -0.00830870     0.01091789     0.04927712     0.00802669    -0.03443565
    -0.02005209    -0.01112644    -0.01934208     0.01963553    -0.00040433     0.02146318
     0.00213937    -0.01422272    -0.02632750    -0.01039209     0.04435015     0.05191709
    -0.01340714     0.02105149     0.01664581     0.05190262    -0.00874622    -0.01441926
    -0.02464623    -0.00176139    -0.01701354     0.03210262     0.00684660     0.03426241
    -0.01714678     0.02456395    -0.00161262     0.04342166    -0.06504706     0.01171637
    -0.00425261     0.02714672     0.01204040     0.00874894    -0.06892341    -0.00561779
     0.00703946     0.02843457    -0.00647466    -0.02771796    -0.06972706     0.03567508
    -0.00104326    -0.01562805     0.02558663    -0.00619623     0.04256410    -0.04472452
     0.02919013     0.00220576     0.00656286    -0.09150337     0.01174839    -0.01501637
     0.02339314     0.01092530    -0.01527740    -0.03575423    -0.05232446     0.00316245
     0.00257268    -0.00230233     0.02980068     0.00562577    -0.02691272    -0.01586024
    -0.00317285     0.01621062     0.02504294    -0.02857929    -0.02750264    -0.03767916
    -0.02400070    -0.01474672    -0.01031991     0.04166786     0.02562618     0.01937337
    -0.02780562    -0.00566586     0.00973373     0.04326271     0.00183913    -0.00957865
    -0.01060703     0.00677592    -0.02723193     0.00869288     0.01920247     0.09186587
    -0.01672252    -0.02484291     0.00178528     0.04682323     0.01271085    -0.01751753
    -0.02517337    -0.01546126     0.00522020     0.03784412     0.01187680    -0.02120902
    -0.01083767    -0.02530645     0.01192176     0.01936830     0.05025615    -0.00330770
    -0.00571809     0.00352001     0.02923889     0.01522727    -0.00871478    -0.06413554
    -0.01350895     0.00416009    -0.02646133     0.01952179    -0.02355883     0.05136526
    -0.00182902    -0.02858534     0.00891814     0.00597017     0.03403477    -0.02609739
    -0.01618546    -0.02398593     0.00791871     0.04383124     0.02091192     0.00674349
     0.01112558    -0.02173347     0.01743209    -0.01681318     0.03622506    -0.04052730
    -0.00339463    -0.02579990     0.01492788    -0.00007586     0.03829313    -0.01024374
    -0.02628134     0.01013636    -0.01032209     0.05179722    -0.02554466    -0.00356407
     0.01416519    -0.01554946     0.02139069    -0.01605536     0.00174574    -0.02559197
    -0.02523580    -0.00394296     0.01573555     0.02904760    -0.02476746    -0.01423867
     0.02081315    -0.01688006     0.01348614    -0.06549531     0.04510589    -0.03503348
    -0.02242948     0.00396133    -0.01952502     0.02284220     0.02828175     0.07187087
     0.00952149    -0.02453816     0.01439514    -0.02411903     0.07070161     0.00106584
    -0.01652343     0.00818483    -0.02366400     0.04316324    -0.00500144     0.04282130
    -0.02841823    -0.00089868    -0.00957062     0.08481013    -0.04601545     0.04391040
    -0.01775413     0.00815212     0.02276695     0.03183812    -0.03882541    -0.06427252
     0.00292588    -0.02890812     0.00746724    -0.00525177     0.03035431    -0.00912861
     0.01016187    -0.02550849     0.01208526     0.00323884     0.05499263     0.03063910
    -0.00777075     0.02872543     0.00380328     0.00103541    -0.08293551    -0.00213348
    -0.01736649     0.02375037    -0.00585874     0.02108445    -0.08631879    -0.00002522
     0.01835453     0.01354626     0.01948358    -0.03852100    -0.05928777    -0.03846497
     0.02212159    -0.01092618     0.01706616    -0.06684570    -0.00373127    -0.00323332
    -0.01115678    -0.01957329    -0.01980941    -0.01439853     0.00943748     0.02759124
     0.01017614     0.01175248    -0.02565785    -0.01376157    -0.01096608     0.06568906
     0.02887901     0.00180914    -0.00792022    -0.07725921    -0.02979454     0.04767431
     0.00622947     0.02762054     0.00991460    -0.03204296    -0.06349299    -0.04977906
     0.02820534    -0.00206853     0.01000899    -0.07050321    -0.00263424    -0.03138558
    -0.00748989    -0.02882214     0.00363122    -0.02310444     0.07665632    -0.00900322
     0.00967651    -0.02814409     0.00377829    -0.03148519     0.07564776    -0.00257928
     0.00901018     0.01610423     0.02365313    -0.00553577    -0.05296179    -0.04655324
     0.02544282     0.01188598     0.01055396    -0.08119324    -0.03107607     0.01220121
    -0.00794766    -0.01391613    -0.02536092     0.00281625     0.00566390     0.06942018
    -0.02480833     0.00824067    -0.01471862     0.06258842    -0.00618649     0.03251892
     0.01041024    -0.01153046     0.02566467    -0.03115356     0.06860978    -0.03088208
    -0.01825701     0.01975371    -0.01328430     0.03582104    -0.07988027     0.04152902
    -0.02262779     0.00972100     0.01713141     0.04675296    -0.02813835    -0.04964444
     0.00875430     0.02126298     0.01926779    -0.05499162    -0.03562667    -0.05334523
    -0.02004324     0.02025508     0.00938086     0.05072293    -0.06110579    -0.01613172
     0.02099713    -0.01979424     0.00820419    -0.07574272     0.05022322    -0.02136348
     0.00844740    -0.02463066    -0.01489873    -0.04180898     0.10271114     0.02907292
    -0.02135501    -0.01992952    -0.00683941     0.05653532     0.05266288     0.01218841
     0.02989692     0.00168471     0.00182639    -0.07554749    -0.01477536     0.04807837
     0.01310027    -0.01816261    -0.01996253    -0.03164381     0.05849734     0.02647348
    -0.00365517    -0.02605281     0.01441842    -0.00807250     0.05230040    -0.04820270
     0.01169415    -0.02299636    -0.01531060    -0.01373254     0.07706015     0.06553841
     0.00032109    -0.01794158    -0.02404156    -0.00575045     0.05416555     0.03780324
     0.02600163     0.01495347     0.00055590    -0.02717225    -0.01551952     0.01074241
    -0.00545080    -0.00584175     0.02891648     0.03628021    -0.02229246    -0.04818837
    -0.01265828     0.02591326    -0.00826261     0.03346885    -0.01611217     0.01007188
     0.01222705     0.02688279     0.00527397    -0.04091934    -0.07492321    -0.02240300
     0.00979710     0.02048573     0.01960489     0.00686989    -0.01863435    -0.00261030
    -0.01101489     0.01788452    -0.02142000     0.04407994    -0.02646152     0.02036163
     0.01061934     0.01469067     0.02390426    -0.00083671    -0.01859803    -0.02213288
     0.02832904    -0.00274121     0.00948426    -0.05382315    -0.01122338    -0.02869056
     0.00000486     0.00614092    -0.02936476    -0.00580564     0.02415418     0.06393115
     0.00774171    -0.00835688    -0.02775299    -0.01551792     0.00830122     0.09419174
     0.00893219    -0.01981985     0.02067340    -0.01687698     0.05901267    -0.02106552
     0.01790600     0.01290174     0.02032044    -0.03016137    -0.00976458    -0.02775153
     0.01401174     0.01687329     0.02046859    -0.01401068    -0.02499100    -0.04335709
     0.00895680    -0.00904019     0.02716709    -0.02798927     0.00544023    -0.06923732
    -0.00228682     0.01285981     0.02700733     0.02779579    -0.00269709    -0.05518894
    -0.02615846     0.00649128     0.01317568     0.05690295    -0.01231034    -0.03981989
    -0.02964325     0.00416046    -0.00199206     0.06885320     0.00831842     0.03545902
     0.02161039    -0.01300328    -0.01624518    -0.01893266     0.04128978     0.03918761
    -0.02267860    -0.01717086     0.00953115     0.04923249     0.05029445    -0.02971545
     0.01006631    -0.01079472     0.02611788    -0.02804166     0.03528755    -0.02661101
    -0.01225780    -0.01921246     0.01950968     0.04108627     0.02564542    -0.04811144
     0.01682502     0.01861174     0.01644755    -0.01223067    -0.05218233    -0.04982506
     0.00701241     0.02911094    -0.00183829    -0.02584545    -0.04243482     0.03298562
     0.01763589     0.01047082     0.02189378    -0.03920783    -0.03192646    -0.04577274
     0.02118433    -0.01053435    -0.01844591    -0.04262281     0.06015608     0.06919723
    -0.02758004    -0.00617355    -0.01006124     0.03805365     0.01092555     0.02955688
     0.02570261     0.00277696     0.01522053    -0.05259732     0.00339216     0.00319358
    -0.02469309    -0.00667249     0.01567575     0.03941639     0.04831055    -0.00577690
    -0.02624743    -0.01260963    -0.00721592     0.06319885     0.02177710     0.01684112
    -0.02021316     0.02207785     0.00199918     0.01572178    -0.04127370    -0.04107124
     0.00802375     0.01683358     0.02350000     0.00111578    -0.00526823    -0.05493811
     0.00041806     0.00306178    -0.02984042     0.01483691    -0.00832716     0.08536387
     0.02420950     0.01069239     0.01412703    -0.06455307    -0.02598674    -0.07304031
    -0.02538459     0.01582436     0.00228297     0.07659077    -0.03829270    -0.00788760
    -0.00702399     0.01647336     0.02406848     0.01196878    -0.04888756    -0.03677038
     0.00217361    -0.01115518     0.02776396     0.00955099     0.02515572    -0.04074772
     0.00281165    -0.00100758     0.02985095     0.00514429     0.00104312    -0.04397511
    -0.00099404     0.00173357    -0.02993337     0.00061621     0.01072864     0.07072171
    -0.00543309     0.02938894    -0.00260231     0.00267740    -0.06098326     0.01749618
     0.01104688    -0.02303322     0.01573014    -0.01733739     0.02705932    -0.03459963
     0.01691041     0.02107139     0.01303973    -0.03073052    -0.01783627     0.00398602
     0.02941442     0.00588531    -0.00039388    -0.05721439     0.02362324    -0.01171228
     0.01244641    -0.00238162    -0.02719218    -0.02852726     0.00641521     0.10755236
    -0.00967593     0.02058051    -0.01956576     0.02148893    -0.01742735     0.06933794
     0.02859974     0.00237923    -0.00874038    -0.07195019    -0.00096731     0.02842455
     0.02599708    -0.00006318    -0.01497157    -0.04826122    -0.00782038     0.04237649
    -0.02212671     0.01984899     0.00405293     0.07658388    -0.02540247     0.03874822
    -0.02060734    -0.00837640    -0.02012892     0.06361425     0.02684870     0.07084712
    -0.01852784     0.02052108    -0.01164492     0.04284165    -0.05003994     0.01731468
    -0.00865548     0.00101860     0.02870618     0.02596175    -0.02662948    -0.10693462
     0.01310993     0.02593572     0.00744770    -0.03021935    -0.03610516     0.01351573
    -0.02718337    -0.01148702     0.00539563     0.08989715     0.04100656    -0.00448928
     0.01956299     0.00383792     0.02241784    -0.06065997     0.03143315    -0.02211220
    -0.01774426    -0.02414990    -0.00138701     0.02807720     0.08306073     0.02680269
     0.01393369     0.00470875     0.02614727    -0.04113911     0.00023691    -0.05933824
     0.02029711    -0.01401319    -0.01707800    -0.05347698     0.04820251     0.01989443
    -0.00082430     0.01961004     0.02268847     0.01378899    -0.00134260    -0.05742604
     0.02864964    -0.00870776    -0.00183662    -0.03971716    -0.00548528    -0.01892260
    -0.00407683     0.02889894     0.00694483     0.00284096    -0.07295421    -0.03330256
    -0.00276437     0.02928313    -0.00590395     0.00912041    -0.08793358     0.01258235
     0.02442827    -0.01059993     0.01381670    -0.04025846     0.04439103     0.00074752
    -0.00780412    -0.01785245    -0.02281196     0.03844318     0.05629876     0.07875255
     0.02710795     0.00439672     0.01207592    -0.05725518    -0.03475606    -0.01391536
     0.00568729     0.02681702     0.01218614     0.00836350    -0.04747021    -0.00093028
     0.00292256    -0.02423592     0.01743786    -0.01279857     0.04142845    -0.03212834
     0.00988851    -0.01252550    -0.02540333    -0.04694122     0.00948618     0.05397918
    -0.00855933    -0.02427322     0.01541261    -0.01444825     0.07120901    -0.02325350
    -0.01562557    -0.00455799    -0.02520052     0.03251861     0.01449071     0.03940056
     0.02830381     0.00845193     0.00524016    -0.06841505    -0.02159560     0.00160095
    -0.01904616     0.02290512     0.00354952     0.03570775    -0.00905826     0.02099382
    -0.00484308     0.02150532     0.02034861    -0.00010297    -0.05924767    -0.03175156
     0.01958576     0.01641926     0.01571006     0.00567969    -0.04782009    -0.01640400
     0.01724479    -0.00196732     0.02446930    -0.05054463    -0.01083417    -0.06368333
    -0.02706343     0.00121045    -0.01288819     0.07010242    -0.01654610     0.01424817
     0.01135696    -0.02287612     0.01573858    -0.01177919     0.03061798    -0.03783546
     0.02915876    -0.00373338    -0.00598569    -0.08929384     0.02374725    -0.00195526
    -0.01189850    -0.02731682     0.00349530     0.01197754     0.03000807     0.02096778
     0.02368033     0.01417166     0.01176461    -0.04746830    -0.01059137    -0.03485755
    -0.01366498     0.02450539    -0.01061856     0.03199268    -0.04179587     0.01715346
     0.02678757    -0.01051122     0.00848177    -0.05288033    -0.01580231     0.02513475
    -0.00483743    -0.00943693     0.02806321     0.01653536     0.01682501    -0.06857450
    -0.00707012    -0.00591008     0.02854968    -0.00536422     0.00865844    -0.02696791
    -0.00531163    -0.02197767     0.01971721     0.01470210     0.03153767    -0.06855678
    -0.00337141     0.01451508     0.02603740    -0.01226426    -0.02296263    -0.04148119
     0.00245878     0.00084705    -0.02988707     0.00378131    -0.02488540     0.09115437
     0.02008764    -0.01895560     0.01171204    -0.03025668     0.03794689     0.01642119
    -0.02394163    -0.01159709     0.01386744     0.06820656     0.06960622    -0.04384991
    -0.01751005    -0.02155352    -0.01135094     0.03619600     0.02979467     0.05082384
    -0.00193482     0.02993252     0.00054828    -0.01832786    -0.07484749    -0.01254925
    -0.01181426     0.02388428    -0.01378276    -0.00042674    -0.06232123     0.04245865
    -0.01662575     0.00935351    -0.02315375     0.02391680    -0.02950662     0.05667401
    -0.01424066     0.02304305     0.01289269     0.01838256    -0.04900820    -0.01649255
    -0.02705377     0.01286035    -0.00164470     0.06972867     0.00943757     0.00325070
     0.01140738    -0.00664830     0.02693829    -0.04554008     0.02848646    -0.06670801
     0.01984665    -0.01594489     0.01587044    -0.02734639     0.03656225    -0.03155269
     0.01546198    -0.02515386     0.00531139    -0.03618702     0.05241307    -0.02320159
     0.02552082     0.01432603     0.00659187    -0.09717839    -0.01789710    -0.01610072
    -0.02425874    -0.00781068     0.01582741     0.06455846    -0.01175640    -0.00617221
    -0.01522547    -0.00492887    -0.02537501     0.01945466    -0.01727199     0.02857925
    -0.02179116     0.01393532     0.01519711     0.10431388    -0.01994652     0.00180405
     0.00199351    -0.02470471    -0.01690275    -0.00025390     0.08298294     0.02695325
    -0.01225020    -0.00686235    -0.02651114     0.02322638    -0.00076435     0.07171952
     0.01550197     0.02304389    -0.01134320    -0.02227286    -0.05167953     0.03201746
    -0.00722288    -0.02478029     0.01528945     0.02255029     0.05913125    -0.03546848
    -0.02765243     0.00527178     0.01037069     0.05952851    -0.01725060     0.00703054
    -0.00950850     0.00857645     0.02712993     0.02682868    -0.03534976    -0.04581904
    -0.00376053    -0.00584514    -0.02918377    -0.01910340     0.01722515     0.06391473
    -0.00992784     0.02172638     0.01814945     0.02003917    -0.02633159     0.00312254
    -0.02175674     0.01720186     0.01143416     0.02795679    -0.01485116    -0.05749005
     0.01630607    -0.01303922     0.02154277    -0.00548039     0.03316974    -0.01212386
     0.02568076    -0.01241185     0.00929755    -0.08091987    -0.00719727    -0.00880377
     0.00961835    -0.00232145    -0.02832134    -0.03920925     0.01091050     0.07806637
    -0.02584628    -0.00982442    -0.01163832     0.05983589     0.03088206     0.04271484
    -0.01740736    -0.02443249     0.00019293     0.01662001     0.06717331    -0.01494163
    -0.01438508    -0.00623833    -0.02557641     0.02569020     0.00871110     0.07966878
     0.00810767     0.01763730     0.02287338    -0.04214535    -0.00727323    -0.04941786
    -0.00864076     0.02717519     0.00931913     0.01510575    -0.07749572    -0.02040945
     0.01689662     0.00861302    -0.02324479    -0.05430841    -0.02204499     0.06719229
    -0.02204854    -0.01069295    -0.01730672     0.08041991     0.00828168     0.03678012
     0.02474155    -0.01588927     0.00594868    -0.05495140     0.06866489    -0.03886412
    -0.00302690    -0.02175976    -0.02042917     0.01859079     0.06756739     0.09001439
    -0.00870913    -0.02198568     0.01846026    -0.00184045     0.02534229    -0.02510993
    -0.02186094    -0.01621483     0.01261660     0.04527605     0.01377624     0.00175888
     0.00693714     0.02710177     0.01083376    -0.02773227    -0.07298470    -0.01632899
     0.02654726     0.00873103     0.01090926    -0.06700093    -0.05817470    -0.02255966
    -0.02436856     0.00468840     0.01685800     0.06225068     0.00124447    -0.05933965
    -0.00055454     0.02493296     0.01667454     0.01980995    -0.07309463    -0.06101749
     0.02955726    -0.00510028    -0.00059600    -0.01491594    -0.01762696     0.01994323
    -0.02596498    -0.01481981    -0.00248858     0.06061660     0.01905737     0.00388675
     0.00999282    -0.01157524     0.02581003    -0.01655628     0.01627104    -0.08734266
    -0.01604755    -0.00357157    -0.02509422     0.02631802     0.01643931     0.05615642
    -0.01475782     0.02546258     0.00581923     0.00431786    -0.02851793    -0.00387650
    -0.01253016     0.02703457    -0.00348244     0.03489233    -0.03922143    -0.03421728
     0.01722500     0.00837588    -0.02308991    -0.03769222     0.00449975     0.05487572
    -0.00666615    -0.01648483    -0.02416222    -0.00897461     0.04905529     0.06571290
    -0.02438300     0.01683199     0.00470671     0.05055670    -0.03097953    -0.01859156
    -0.00580865     0.02642767    -0.01295522     0.00660041    -0.03631696     0.02754209
    -0.01102640    -0.02284060     0.01602265     0.00113687     0.06953474    -0.01884695
     0.01290181     0.02020045     0.01804121     0.01125607    -0.06690675    -0.05864500
    -0.00881388    -0.02457395     0.01477959     0.01591756     0.08596675    -0.04441841
     0.01880082    -0.00857605     0.02174812    -0.03778058     0.03554413    -0.03334353
     0.00751288    -0.01118463     0.02680412    -0.02715962     0.00593689    -0.02802879
     0.02680848     0.00112967    -0.01341750    -0.03643042    -0.00860811     0.02606990
     0.00770248    -0.01371224     0.02554694    -0.04131971     0.00897934    -0.03657488
    -0.01887628     0.00438149    -0.02290171     0.00348941     0.03696172     0.03076980
    -0.01782287     0.00340391     0.02389056     0.05758671    -0.01083185    -0.04179098
     0.01202907     0.01165566     0.02488870    -0.02262292    -0.01907037    -0.06129602
    -0.01672257     0.02143120     0.01269091     0.06194351    -0.03597018    -0.03430496
    -0.00637095    -0.00976144    -0.02764282     0.04215891     0.00318846     0.03466110
     0.01181555    -0.02317396     0.01494525    -0.04582139     0.04330594    -0.02728085
    -0.00356760    -0.00004921     0.02978707     0.03360253    -0.01504901    -0.06196842
     0.00022569     0.02999203    -0.00065357     0.00650257    -0.08377385    -0.00379274
    -0.02087147    -0.02150798    -0.00133732     0.05026827     0.00440838     0.00629163
     0.01816000    -0.00443498    -0.02346370    -0.01724713    -0.01173195     0.02367555
    -0.00985135     0.02328800    -0.01614373    -0.01274531    -0.01605949     0.04983110
    -0.02806430     0.01056535    -0.00087646     0.04543403    -0.00790733    -0.01381639
     0.02195276    -0.00859379     0.01855325    -0.02690370     0.05253569    -0.02041581
    -0.00602649    -0.02718614    -0.01116223     0.01784529     0.08303437     0.01762276
    -0.00989912     0.02539555     0.01253290     0.00126394    -0.04676652    -0.04578874
     0.01097273    -0.02609302    -0.00993748    -0.03917782     0.06795047     0.01775984
    -0.02373595     0.00872601    -0.01613883     0.06514086    -0.00580866     0.03240671
     0.00325104     0.00108678    -0.02980352    -0.02437459    -0.00797119     0.05985923
     0.02876889    -0.00837051     0.00151176    -0.05625773     0.03107811     0.01058648
     0.00567584     0.02221139    -0.01935042    -0.01431908    -0.03645704     0.04898196
    -0.01908933    -0.00508894     0.02257654     0.05429629     0.00825271    -0.02769453
    -0.01501626    -0.02595483    -0.00092681     0.07004546     0.03965717    -0.00126742
     0.02492642    -0.01371899    -0.00951120    -0.01290078     0.04129162     0.05604100
     0.01940698    -0.02109827    -0.00884489    -0.03722744     0.05405815     0.00674922
     0.01234459    -0.02711361     0.00353030    -0.04019166     0.01905447    -0.02423051
     0.00550830    -0.02624055     0.01345705     0.00378652     0.05021135    -0.02074105
     0.00566248     0.02666516    -0.01252620    -0.01900930    -0.04217601     0.00841483
    -0.02511074     0.01575725     0.00459998     0.03875309    -0.05086245     0.01554380
     0.00769682     0.02637670    -0.01204278    -0.01595479    -0.04774184    -0.02005310
     0.00239771     0.02949902    -0.00490498    -0.00158365    -0.06860260    -0.00271707
     0.00490678    -0.02579647    -0.01450744    -0.00278599     0.06807451     0.02577372
     0.02574626     0.00501822    -0.01455842    -0.04310853    -0.02908557     0.06758833
     0.01507256    -0.00710892     0.02494556    -0.04167243     0.00080140    -0.07418718
     0.01025153    -0.02778784    -0.00476885    -0.01438282     0.05286550     0.03077898
    -0.01445132    -0.00496444     0.02581693     0.00941590     0.04086310    -0.07326024
    -0.00898306     0.01907265    -0.02134335     0.01000993     0.01262809     0.02353764
     0.02737583     0.00467052    -0.01134682    -0.06487950     0.01402722     0.02052544
    -0.00024051    -0.00068339     0.02999125     0.00345702     0.01916904    -0.05698817
    -0.02485293     0.00680258    -0.01536414     0.07413563     0.00851380     0.02419341
     0.00159234    -0.00158825     0.02991558     0.00561982     0.00257481    -0.07871412
     0.00117548     0.02430264    -0.01754992    -0.03466643    -0.07087362     0.02670624
     0.00995113     0.02497162    -0.01331891    -0.02895204    -0.06222278     0.03761662
     0.02867871    -0.00392838    -0.00788032    -0.07002451     0.00442362     0.02573951
     0.00318059     0.02706610    -0.01254232     0.00654761    -0.07269086     0.04452571
     0.01373868    -0.00924589    -0.02501524    -0.02699417     0.02632726     0.06840151
    -0.01553233     0.01125131    -0.02306848     0.04190741    -0.05361613     0.04644216
    -0.00581676     0.01419618     0.02578049    -0.02445358     0.00729469    -0.05459528
    -0.02946416    -0.00560312     0.00068454     0.05626241     0.02424481    -0.02524872
     0.00891202     0.02833398    -0.00421444    -0.02088124    -0.02041211    -0.02061832
    -0.02354209    -0.01307066     0.01322603     0.01496709     0.04997521    -0.02173863
     0.01937024     0.02202470     0.00630128    -0.06335692    -0.04083439     0.00578810
    -0.01206656    -0.00545768    -0.02691862     0.02922357     0.02533913     0.07490507
    -0.01643330    -0.02222381    -0.01166400     0.03656062     0.06134032     0.04634969
    -0.00299369     0.02916179    -0.00637401     0.01107268    -0.04551878     0.01174867
     0.01370074    -0.02215934    -0.01487458    -0.01100804     0.02230813     0.02065661
    -0.00600562    -0.02863526     0.00662980     0.04394757     0.03949087     0.01953745
    -0.01617713     0.01102874    -0.02273032     0.03086498    -0.01588064     0.05285370
     0.00742024     0.02906785    -0.00001669    -0.00629667    -0.09347846    -0.00273361
     0.02210974     0.01437067     0.01430536    -0.04261340     0.00009192     0.00101524
    -0.02115406    -0.01785686     0.01156019     0.04259040     0.03217350    -0.03067898
    -0.02805900     0.01061533    -0.00008539     0.05276333    -0.01985694    -0.01888642
     0.02700850     0.00783747    -0.01044582    -0.03079390    -0.00534802     0.00708451
     0.01841171    -0.01780910     0.01561553    -0.04587996    -0.00381864     0.00116070
    -0.02495929    -0.01637391    -0.00298809     0.04157185     0.02085731     0.02580647
     0.00431184    -0.01943879    -0.02243973     0.02001507     0.02913653     0.03824847
     0.01955597     0.00147167    -0.02270238    -0.03048649    -0.01311578     0.03843254
    -0.00899758    -0.01846535     0.02186491    -0.01563476     0.01941422    -0.01325449
    -0.00666068     0.02686218    -0.01157836    -0.01273505    -0.04070381     0.02336249
     0.02306228     0.01852358    -0.00500084    -0.04836160    -0.01130767    -0.01128992
    -0.02799720     0.00004967     0.01077750     0.04743054    -0.03008119    -0.03313849
     0.00660511     0.02507028     0.01509481    -0.01624329    -0.04334143    -0.03866051
    -0.02706645     0.00137646     0.01286516     0.05705512     0.00115670    -0.03904094
     0.02426650     0.01722645    -0.00379295    -0.04458009    -0.05006334    -0.02287039
     0.00355829    -0.02978135     0.00064035    -0.02452093     0.07874656    -0.01287174
    -0.02303089    -0.01533324     0.01159611     0.05741649     0.05904518     0.01751664
    -0.01324553     0.00695755    -0.02600286     0.01201093    -0.04124270     0.06565654
    -0.00935064    -0.00570331    -0.02792916    -0.00008212     0.00614109     0.04264874
     0.00116016     0.00458968    -0.02962413     0.01894876    -0.01913656     0.06663243
     0.02631341    -0.01327973    -0.00559045    -0.06010985    -0.01622018     0.02729975
     0.01983802    -0.01780105     0.01376864    -0.02921249     0.02548693    -0.03894871
     0.02672431    -0.01241380    -0.00563104    -0.04487351     0.01539862    -0.00191111
    -0.01685236     0.01347968     0.02083977     0.02319204    -0.06426089    -0.07962917
    -0.00771559     0.02364609     0.01677295     0.01461218    -0.07473435    -0.00383653
     0.02334374    -0.00839610    -0.01686936    -0.05550401     0.04045213     0.04681572
     0.00110057    -0.01085490    -0.02794566    -0.00257813     0.05183177     0.05473564
     0.01939730    -0.02008630    -0.01096747    -0.06317929     0.03847520     0.02656801
     0.00567265    -0.01771621     0.02353629    -0.03146356     0.07297197    -0.02468528
    -0.02123504     0.01076955     0.01825075     0.00230868    -0.03100969    -0.03704730
    -0.01103371    -0.01811174    -0.02121843     0.02331286     0.07164237     0.06105280
    -0.02296161     0.01721628    -0.00873866     0.03999495    -0.03669485     0.03776044
     0.00251991     0.01142998     0.02762256    -0.01457211    -0.02401740    -0.06433509
    -0.01576269    -0.02025316     0.01553535     0.02589859     0.06099023    -0.05691978
     0.01705841     0.02267804     0.00973227    -0.04360128    -0.06379307    -0.06252469
     0.00391553    -0.02974337     0.00001970    -0.01423691     0.07080502    -0.02833500
    -0.01249399     0.02626129    -0.00736512     0.02049702    -0.04144371     0.05242153
     0.01971690     0.02075058    -0.00898096    -0.06005229    -0.07662544     0.04244380
    -0.01205962     0.02389664     0.01354680     0.03340361    -0.02818768    -0.02361833
    -0.00888061     0.02858498    -0.00200843     0.03107246    -0.06312242    -0.00383664
     0.00043617     0.00263200     0.02988114     0.01726105    -0.01145852    -0.09431289
     0.00903896     0.00950193     0.02698167    -0.05259330    -0.01709207    -0.06524720
    -0.01974535     0.02064606    -0.00915759     0.04559334    -0.03924130    -0.02241108
     0.02714722     0.01270604     0.00125890    -0.05834370    -0.02800840    -0.01868027
    -0.01637050    -0.02274872    -0.01070058     0.05521790     0.06481776     0.04654355
    -0.00132521    -0.02740714     0.01212817    -0.01924130     0.08489859    -0.03100790
     0.02560790     0.01367182    -0.00757079    -0.04297048    -0.03867292     0.00168794
    -0.00111787    -0.02630814    -0.01437471     0.01932619     0.04358194     0.02301731
    -0.02928856    -0.00623814     0.00180717     0.07541917     0.02626806     0.03654639
    -0.02255630     0.00365935    -0.01943765     0.02449092    -0.01093414     0.05162287
     0.02255572     0.01245982     0.01536205    -0.05481275     0.00473095    -0.03523458
    -0.02183195     0.00046016     0.02057071     0.06097063     0.01054978    -0.02977184
     0.00228052    -0.02530216    -0.01595619     0.02666579     0.03923400     0.03868660
     0.00477234     0.02665499    -0.01291264    -0.03249477    -0.06724324     0.00894601
     0.01826765    -0.01039547     0.02140624    -0.01748947     0.01569038    -0.05748401
    -0.02876540    -0.00645166    -0.00556127     0.07489721     0.00226437     0.03658674
     0.00356254    -0.02659383     0.01341925    -0.03591116     0.00573509     0.00052091
     0.01384339    -0.00367938     0.02635949    -0.03506027    -0.01210608    -0.02234979
     0.02627395    -0.00864493     0.01161657    -0.05479404     0.01717792    -0.01851648
    -0.02876701    -0.00302948    -0.00795495     0.07611026     0.02012082     0.02330595
    -0.01063538    -0.02390382    -0.01467979     0.01601511     0.03750316     0.01142109
     0.00260818    -0.01516400     0.02575365    -0.03479331     0.03231120    -0.06373902
     0.01779542     0.00039506    -0.02414885    -0.04430880    -0.01034531     0.03826378
     0.00207926    -0.02673100    -0.01345847     0.00048308     0.04652542     0.01467573
    -0.02756282     0.00872009    -0.00801567     0.04644482    -0.00600697     0.04176226
     0.00445291     0.00686734    -0.02886194    -0.02092943    -0.04011779     0.03592333
    -0.02925552     0.00238731    -0.00619801     0.03870343    -0.03821378    -0.00325968
     0.02419799    -0.01576737     0.00811465    -0.03627953     0.02052304     0.00804800
     0.00075583    -0.02734339     0.01231940     0.02312368     0.03950153    -0.04507462
    -0.00869040     0.02856182     0.00294949     0.00673053    -0.07029237     0.02116001
    -0.01393335    -0.01622866     0.02103550     0.01356373     0.03826949    -0.04400027
     0.01143545    -0.02771047     0.00116628    -0.03146268     0.07851262    -0.00160148
    -0.01650443    -0.01166826    -0.02216879     0.02830553     0.00829686     0.06568249
     0.02671566     0.00035463    -0.01364359    -0.06873164    -0.01543260     0.04022579
     0.01832023     0.00958627    -0.02173643    -0.02704455    -0.01921780     0.04269655
     0.00350405    -0.02057450     0.02155021     0.02331938     0.03194862    -0.02263261
     0.02322257     0.01898085     0.00066294    -0.03753009    -0.04167552    -0.04208347
    -0.01342378    -0.01528739     0.02204762     0.01631987     0.04936156    -0.04379823
    -0.00581898    -0.02934134    -0.00228592     0.02621277     0.06943669     0.00885366
     0.01400526     0.01750484     0.01993573    -0.03783449    -0.03914425    -0.02259100
    -0.02596344    -0.00402873    -0.01447996     0.03582806     0.01439153     0.01700198
     0.01301165     0.02392061    -0.01258974    -0.01412102    -0.00355497     0.04480213
    -0.02838577     0.00419314     0.00875588     0.02973929     0.01582543     0.01599300
    -0.02318344    -0.00313446    -0.01878039     0.02217016     0.00116869     0.01746834
    -0.00913440    -0.00374849    -0.02832864     0.00701008     0.00597581     0.07550936
    -0.02074823     0.02036211     0.00740913     0.05306604    -0.05953638    -0.01209199
    -0.00496155     0.01330458     0.02642672     0.01308064    -0.04877274    -0.04487694
    -0.00064928    -0.02555381     0.01570291     0.00445183     0.08767102    -0.03511106
    -0.02418513    -0.01300821    -0.01207750     0.04260226     0.03209099    -0.00885496
     0.00532425    -0.02720069     0.01147933    -0.01693928     0.06193002    -0.01823172
    -0.02363184    -0.00505146     0.01777692     0.03828999     0.01318893    -0.05728926
     0.01278058     0.00811609    -0.02589953    -0.03240071    -0.02501224     0.05840125
     0.02605079    -0.01394490    -0.00518612    -0.08142579     0.01168854     0.01313883
    -0.02455094     0.00509319     0.01647152     0.08965650    -0.00947671    -0.00543685
     0.01617554     0.02503524    -0.00340423    -0.03403305    -0.06891011     0.02548552
     0.02100245     0.01660044     0.01353966    -0.05243801    -0.05228412    -0.02799494
    -0.02336646     0.01847385     0.00356727     0.06002167    -0.03245279    -0.00557893
    -0.01717308     0.01069705     0.02215081     0.04122297    -0.00428291    -0.07510394
     0.01551667     0.02548026    -0.00316059    -0.04444092    -0.08456338    -0.00207642
     0.00362872     0.02712852    -0.01228316    -0.00615393    -0.08479830     0.05580114
     0.00537523     0.02923644    -0.00404195    -0.01717388    -0.09488053     0.01958714
    -0.00545559    -0.00845085    -0.02826340     0.02170130     0.05831127     0.06418219
    -0.00561278    -0.02644021    -0.01301583     0.00869048     0.06515772     0.02842907
     0.00565484    -0.02794326    -0.00933792     0.00638231     0.04577452     0.01867277
    -0.01093678    -0.01345249     0.02448300     0.00942473     0.02128256    -0.08811743
     0.02660138     0.00863791    -0.01085142    -0.07393036    -0.02365751     0.02131595
    -0.01257685    -0.02669030    -0.00542686     0.01711315     0.05861920    -0.00079363
    -0.01404946    -0.01483178     0.02196887    -0.01411459     0.05204982    -0.02913278
     0.02123823    -0.00988375     0.01874164    -0.07643120     0.02007191    -0.04834094
    -0.00010215     0.00619878    -0.02935242     0.00520057    -0.02661781     0.09336793
    -0.01305311     0.01973160    -0.01844669     0.06180382    -0.08170492     0.07340416
    -0.01302525     0.01785889     0.02028307     0.00173261    -0.08278232    -0.04972841
    -0.01536971    -0.01303835     0.02222101     0.02893555     0.01965983    -0.04035593
    -0.00426225    -0.00496371     0.02927789     0.01021698     0.00389100    -0.08861727
     0.02923420     0.00161334    -0.00653903    -0.05466473    -0.01491258     0.01202190
     0.00398834    -0.01942426     0.02251203     0.00769551     0.01683445    -0.06647747
