$jbas
*
si universal
# si    (14s5p5d2f1g) / [8s4p3d1f1g]     {71111111/2111/311/2/1}
*
   7  s
  5826.7657660      0.56779830000
  2173.1214409       1.0118069000
  839.49665090       3.2799844000
  335.26596220       6.7361713000
  138.11709780       8.6949143000
  58.551605400       3.2431556000
  25.474427400      -1.2520738000
   1  s
  11.341841500       2.6706099000
   1  s
  5.1513356000       4.3474757000
   1  s
  2.3788654000      0.87290070000
   1  s
  1.1130498000     -0.32446030000
   1  s
 0.52574270000      0.29569790000
   1  s
 0.24975780000      0.19468850000
   1  s
 0.11887680000      0.31863200000E-01
   2  p
  8.7836931000      0.24224500000E-01
  2.6158248000     -0.15326800000E-01
   1  p
 0.82660400000      0.61588000000E-02
   1  p
 0.27114870000      0.42806600000E-01
   1  p
 0.90087000000E-01  0.15544000000E-02
   3  d
  10.889276700      0.24059300000E-01
  2.6605925000     -0.18990400000E-01
 0.80675280000      0.24210800000E-01
   1  d
 0.28598480000      0.31714700000E-01
   1  d
 0.10743290000      0.20599000000E-02
   2  f
 0.81038160000      0.88216000000E-02
 0.19885290000      0.20248000000E-02
   1  g
 0.40149000000     -0.16684000000E-02
*
$end
