$coord
  2.609490920750  2.589490920750  2.589490920750   si
 12.947453853750  2.589490920750  2.589490920750   si
 23.305416786750  2.589490920750  2.589490920750   si
  2.589490920750 12.947453853750  2.589490920750   si
 12.947453853750 12.947453853750  2.589490920750   si
 23.305416786750 12.947453853750  2.589490920750   si
  2.589490920750 23.305416786750  2.589490920750   si
 12.947453853750 23.305416786750  2.589490920750   si
 23.305416786750 23.305416786750  2.589490920750   si
  2.589490920750  2.589490920750 12.947453853750   si
 12.947453853750  2.589490920750 12.947453853750   si
 23.305416786750  2.589490920750 12.947453853750   si
  2.589490920750 12.947453853750 12.947453853750   si
 12.947453853750 12.947453853750 12.947453853750   si
 23.305416786750 12.947453853750 12.947453853750   si
  2.589490920750 23.305416786750 12.947453853750   si
 12.947453853750 23.305416786750 12.947453853750   si
 23.305416786750 23.305416786750 12.947453853750   si
  2.589490920750  2.589490920750 23.305416786750   si
 12.947453853750  2.589490920750 23.305416786750   si
 23.305416786750  2.589490920750 23.305416786750   si
  2.589490920750 12.947453853750 23.305416786750   si
 12.947453853750 12.947453853750 23.305416786750   si
 23.305416786750 12.947453853750 23.305416786750   si
  2.589490920750 23.305416786750 23.305416786750   si
 12.947453853750 23.305416786750 23.305416786750   si
 23.305416786750 23.305416786750 23.305416786750   si
 28.484397878250 28.484397878250  2.589490920750   si
  7.768472012250 28.484397878250  2.589490920750   si
 18.126434945250 28.484397878250  2.589490920750   si
 28.484397878250  7.768472012250  2.589490920750   si
  7.768472012250  7.768472012250  2.589490920750   si
 18.126434945250  7.768472012250  2.589490920750   si
 28.484397878250 18.126434945250  2.589490920750   si
  7.768472012250 18.126434945250  2.589490920750   si
 18.126434945250 18.126434945250  2.589490920750   si
 28.484397878250 28.484397878250 12.947453853750   si
  7.768472012250 28.484397878250 12.947453853750   si
 18.126434945250 28.484397878250 12.947453853750   si
 28.484397878250  7.768472012250 12.947453853750   si
  7.768472012250  7.768472012250 12.947453853750   si
 18.126434945250  7.768472012250 12.947453853750   si
 28.484397878250 18.126434945250 12.947453853750   si
  7.768472012250 18.126434945250 12.947453853750   si
 18.126434945250 18.126434945250 12.947453853750   si
 28.484397878250 28.484397878250 23.305416786750   si
  7.768472012250 28.484397878250 23.305416786750   si
 18.126434945250 28.484397878250 23.305416786750   si
 28.484397878250  7.768472012250 23.305416786750   si
  7.768472012250  7.768472012250 23.305416786750   si
 18.126434945250  7.768472012250 23.305416786750   si
 28.484397878250 18.126434945250 23.305416786750   si
  7.768472012250 18.126434945250 23.305416786750   si
 18.126434945250 18.126434945250 23.305416786750   si
 28.484397878250  2.589490920750 28.484397878250   si
  7.768472012250  2.589490920750 28.484397878250   si
 18.126434945250  2.589490920750 28.484397878250   si
 28.484397878250 12.947453853750 28.484397878250   si
  7.768472012250 12.947453853750 28.484397878250   si
 18.126434945250 12.947453853750 28.484397878250   si
 28.484397878250 23.305416786750 28.484397878250   si
  7.768472012250 23.305416786750 28.484397878250   si
 18.126434945250 23.305416786750 28.484397878250   si
 28.484397878250  2.589490920750  7.768472012250   si
  7.768472012250  2.589490920750  7.768472012250   si
 18.126434945250  2.589490920750  7.768472012250   si
 28.484397878250 12.947453853750  7.768472012250   si
  7.768472012250 12.947453853750  7.768472012250   si
 18.126434945250 12.947453853750  7.768472012250   si
 28.484397878250 23.305416786750  7.768472012250   si
  7.768472012250 23.305416786750  7.768472012250   si
 18.126434945250 23.305416786750  7.768472012250   si
 28.484397878250  2.589490920750 18.126434945250   si
  7.768472012250  2.589490920750 18.126434945250   si
 18.126434945250  2.589490920750 18.126434945250   si
 28.484397878250 12.947453853750 18.126434945250   si
  7.768472012250 12.947453853750 18.126434945250   si
 18.126434945250 12.947453853750 18.126434945250   si
 28.484397878250 23.305416786750 18.126434945250   si
  7.768472012250 23.305416786750 18.126434945250   si
 18.126434945250 23.305416786750 18.126434945250   si
  2.589490920750 28.484397878250 28.484397878250   si
 12.947453853750 28.484397878250 28.484397878250   si
 23.305416786750 28.484397878250 28.484397878250   si
  2.589490920750  7.768472012250 28.484397878250   si
 12.947453853750  7.768472012250 28.484397878250   si
 23.305416786750  7.768472012250 28.484397878250   si
  2.589490920750 18.126434945250 28.484397878250   si
 12.947453853750 18.126434945250 28.484397878250   si
 23.305416786750 18.126434945250 28.484397878250   si
  2.589490920750 28.484397878250  7.768472012250   si
 12.947453853750 28.484397878250  7.768472012250   si
 23.305416786750 28.484397878250  7.768472012250   si
  2.589490920750  7.768472012250  7.768472012250   si
 12.947453853750  7.768472012250  7.768472012250   si
 23.305416786750  7.768472012250  7.768472012250   si
  2.589490920750 18.126434945250  7.768472012250   si
 12.947453853750 18.126434945250  7.768472012250   si
 23.305416786750 18.126434945250  7.768472012250   si
  2.589490920750 28.484397878250 18.126434945250   si
 12.947453853750 28.484397878250 18.126434945250   si
 23.305416786750 28.484397878250 18.126434945250   si
  2.589490920750  7.768472012250 18.126434945250   si
 12.947453853750  7.768472012250 18.126434945250   si
 23.305416786750  7.768472012250 18.126434945250   si
  2.589490920750 18.126434945250 18.126434945250   si
 12.947453853750 18.126434945250 18.126434945250   si
 23.305416786750 18.126434945250 18.126434945250   si
  0.000000000000  0.000000000000  0.000000000000   si
 10.357962933000  0.000000000000  0.000000000000   si
 20.715925866000  0.000000000000  0.000000000000   si
  0.000000000000 10.357962933000  0.000000000000   si
 10.357962933000 10.357962933000  0.000000000000   si
 20.715925866000 10.357962933000  0.000000000000   si
  0.000000000000 20.715925866000  0.000000000000   si
 10.357962933000 20.715925866000  0.000000000000   si
 20.715925866000 20.715925866000  0.000000000000   si
  0.000000000000  0.000000000000 10.357962933000   si
 10.357962933000  0.000000000000 10.357962933000   si
 20.715925866000  0.000000000000 10.357962933000   si
  0.000000000000 10.357962933000 10.357962933000   si
 10.357962933000 10.357962933000 10.357962933000   si
 20.715925866000 10.357962933000 10.357962933000   si
  0.000000000000 20.715925866000 10.357962933000   si
 10.357962933000 20.715925866000 10.357962933000   si
 20.715925866000 20.715925866000 10.357962933000   si
  0.000000000000  0.000000000000 20.715925866000   si
 10.357962933000  0.000000000000 20.715925866000   si
 20.715925866000  0.000000000000 20.715925866000   si
  0.000000000000 10.357962933000 20.715925866000   si
 10.357962933000 10.357962933000 20.715925866000   si
 20.715925866000 10.357962933000 20.715925866000   si
  0.000000000000 20.715925866000 20.715925866000   si
 10.357962933000 20.715925866000 20.715925866000   si
 20.715925866000 20.715925866000 20.715925866000   si
  5.178981841510  5.178981841510  0.000000000000   si
 15.536944774510  5.178981841510  0.000000000000   si
 25.894907707510  5.178981841510  0.000000000000   si
  5.178981841510 15.536944774510  0.000000000000   si
 15.536944774510 15.536944774510  0.000000000000   si
 25.894907707510 15.536944774510  0.000000000000   si
  5.178981841510 25.894907707510  0.000000000000   si
 15.536944774510 25.894907707510  0.000000000000   si
 25.894907707510 25.894907707510  0.000000000000   si
  5.178981841510  5.178981841510 10.357962933000   si
 15.536944774510  5.178981841510 10.357962933000   si
 25.894907707510  5.178981841510 10.357962933000   si
  5.178981841510 15.536944774510 10.357962933000   si
 15.536944774510 15.536944774510 10.357962933000   si
 25.894907707510 15.536944774510 10.357962933000   si
  5.178981841510 25.894907707510 10.357962933000   si
 15.536944774510 25.894907707510 10.357962933000   si
 25.894907707510 25.894907707510 10.357962933000   si
  5.178981841510  5.178981841510 20.715925866000   si
 15.536944774510  5.178981841510 20.715925866000   si
 25.894907707510  5.178981841510 20.715925866000   si
  5.178981841510 15.536944774510 20.715925866000   si
 15.536944774510 15.536944774510 20.715925866000   si
 25.894907707510 15.536944774510 20.715925866000   si
  5.178981841510 25.894907707510 20.715925866000   si
 15.536944774510 25.894907707510 20.715925866000   si
 25.894907707510 25.894907707510 20.715925866000   si
  5.178981841510  0.000000000000  5.178981841510   si
 15.536944774510  0.000000000000  5.178981841510   si
 25.894907707510  0.000000000000  5.178981841510   si
  5.178981841510 10.357962933000  5.178981841510   si
 15.536944774510 10.357962933000  5.178981841510   si
 25.894907707510 10.357962933000  5.178981841510   si
  5.178981841510 20.715925866000  5.178981841510   si
 15.536944774510 20.715925866000  5.178981841510   si
 25.894907707510 20.715925866000  5.178981841510   si
  5.178981841510  0.000000000000 15.536944774510   si
 15.536944774510  0.000000000000 15.536944774510   si
 25.894907707510  0.000000000000 15.536944774510   si
  5.178981841510 10.357962933000 15.536944774510   si
 15.536944774510 10.357962933000 15.536944774510   si
 25.894907707510 10.357962933000 15.536944774510   si
  5.178981841510 20.715925866000 15.536944774510   si
 15.536944774510 20.715925866000 15.536944774510   si
 25.894907707510 20.715925866000 15.536944774510   si
  5.178981841510  0.000000000000 25.894907707510   si
 15.536944774510  0.000000000000 25.894907707510   si
 25.894907707510  0.000000000000 25.894907707510   si
  5.178981841510 10.357962933000 25.894907707510   si
 15.536944774510 10.357962933000 25.894907707510   si
 25.894907707510 10.357962933000 25.894907707510   si
  5.178981841510 20.715925866000 25.894907707510   si
 15.536944774510 20.715925866000 25.894907707510   si
 25.894907707510 20.715925866000 25.894907707510   si
  0.000000000000  5.178981841510  5.178981841510   si
 10.357962933000  5.178981841510  5.178981841510   si
 20.715925866000  5.178981841510  5.178981841510   si
  0.000000000000 15.536944774510  5.178981841510   si
 10.357962933000 15.536944774510  5.178981841510   si
 20.715925866000 15.536944774510  5.178981841510   si
  0.000000000000 25.894907707510  5.178981841510   si
 10.357962933000 25.894907707510  5.178981841510   si
 20.715925866000 25.894907707510  5.178981841510   si
  0.000000000000  5.178981841510 15.536944774510   si
 10.357962933000  5.178981841510 15.536944774510   si
 20.715925866000  5.178981841510 15.536944774510   si
  0.000000000000 15.536944774510 15.536944774510   si
 10.357962933000 15.536944774510 15.536944774510   si
 20.715925866000 15.536944774510 15.536944774510   si
  0.000000000000 25.894907707510 15.536944774510   si
 10.357962933000 25.894907707510 15.536944774510   si
 20.715925866000 25.894907707510 15.536944774510   si
  0.000000000000  5.178981841510 25.894907707510   si
 10.357962933000  5.178981841510 25.894907707510   si
 20.715925866000  5.178981841510 25.894907707510   si
  0.000000000000 15.536944774510 25.894907707510   si
 10.357962933000 15.536944774510 25.894907707510   si
 20.715925866000 15.536944774510 25.894907707510   si
  0.000000000000 25.894907707510 25.894907707510   si
 10.357962933000 25.894907707510 25.894907707510   si
 20.715925866000 25.894907707510 25.894907707510   si
$end
