11 5
0 0 5 2.0 1.0
  4098.2003908     -.58535911879E-02
  616.49374031     -.43647161872E-01
  139.96644001     -.19431465884
  39.073441051     -.48685065731
  11.929847205     -.41881705137
0 0 3 2.0 1.0
  20.659966030      .85949689854E-01
  1.9838860978     -.56359144041
  .64836323942     -.51954009048
0 0 1 1.0 1.0
  0.32              1.0000000000
0 1 1 0.0 1.0
  0.16              1.0 1.0
0 2 5 6.0 1.0
  75.401862017     .154353625324E-01
  17.274818978     .997382931840E-01
  5.1842347425     .312095939659
  1.6601211973     .492956748074
  .51232528958     .324203983180
17 7
0 0 5 2.0 1.0
  10449.827566      0.19708362484E-02
  1571.7365221      0.14754727977E-01
  357.12065523      0.66679112875E-01
  100.25185935      0.17228924084
  30.812727554      0.15883786100
0 0 3 2.0 1.0
  51.923789434     -0.10009298909
  5.7045760975      0.60841752753
  2.3508376809      0.54352153355
0 0 1 2.0 1.0
 0.49731621872       1.0000000000
0 1 1 0.0 1.0
 0.21000000000      1.0 1.0
0 2 5 6.0 1.0
  307.66790569     -0.87801484118E-02
  72.102015515     -0.63563355471E-01
  22.532680262     -0.24016428276
  7.8991765444     -0.47798866557
  2.8767268321     -0.38515850005
0 2 1 5.0 1.0
  0.77358997479      1.0000000000
0 3 1 0.0 1.0
 0.65000000000       1.0000000000
99 0
END
DFT
PBE0
END
SHRINK
1 1
TOLINTEG
8 8 8 8 16
MAXCYCLE
60
FMIXING
80
EXCHSIZE
30000000
BIPOSIZE
30000000
