14 7
0 0 5 2.0 1.0
  6903.7118686      0.13373962995E-02
  1038.4346419      0.99966546241E-02
  235.87581480      0.44910165101E-01
  66.069385169      0.11463638540
  20.247945761      0.10280063858
0 0 3 2.0 1.0
  34.353481730      0.70837285010E-01
  3.6370788192     -0.43028836252
  1.4002048599     -0.41382774969
0 0 1 2.0 1.0
 0.25943211957       1.0000000000
0 1 1 0.0 1.0
 0.12000000000       1.0 1.0
0 2 5 6.0 1.0
  179.83907373      0.61916656462E-02
  41.907258846      0.43399431982E-01
  12.955294367      0.15632019351
  4.4383267393      0.29419996982
  1.5462247904      0.23536823814
0 2 1 2.0 1.0
 0.40981363585       1.0000000000
0 3 1 0.0 1.0
 0.35000000000       1.0000000000
99 0
ENDBAS
DFT
PBE0
END
SHRINK
1 1
TOLINTEG
8 8 8 8 16
MAXCYCLE
60
FMIXING
80
EXCHSIZE
30000000
BIPOSIZE
30000000
